array([[ 0.12171084, -0.00289624,  0.24592517, -0.12047311,  0.04743645,
         0.46404436,  0.31424817,  0.22215152,  0.22178844,  0.4073208 ,
        -0.00532079,  0.09207637,  0.397476  ,  0.29265243,  0.41204098,
        -0.05554954,  0.01330881,  0.16480121,  0.07819432,  0.14788286,
         0.44920462,  0.10201409,  0.15112561,  0.2718318 , -0.08268252,
        -0.14592391,  0.04766863,  0.07303396,  0.03767161, -0.1206875 ,
         0.11403221,  0.3923553 ,  0.34179577, -0.18310408,  0.06463788,
         0.42722246, -0.17241013,  0.12744449,  0.02316291, -0.09534163,
         0.33932817,  0.18518499,  0.37509584,  0.19496654, -0.05669767,
         0.16950494,  0.09878865, -0.1089971 , -0.15340866,  0.09927765,
        -0.07907099, -0.10711633, -0.10961782,  0.08047444, -0.1272987 ,
         0.12477347, -0.12138329,  0.11208355, -0.12013619,  0.04981367,
         0.01718982, -0.02276209,  0.12311006,  0.01526766,  0.08749282,
         0.03415477, -0.03956799, -0.16046897, -0.16632159,  0.03711528,
        -0.15493838,  0.02327864, -0.10194796,  0.13803765,  0.16053978,
        -0.07227892,  0.07185468, -0.09965935, -0.03621204, -0.10524504,
        -0.0517619 ,  0.05230512,  0.07013085, -0.12511818,  0.07917142,
        -0.10853907,  0.0034354 ,  0.08134675, -0.00123887, -0.15212618,
         0.10550213, -0.10379362,  0.09681961,  0.16799101,  0.0285818 ,
         0.05751736, -0.05823625, -0.1230756 , -0.00255994, -0.08868806,
         0.05910177,  0.0475698 ,  0.33657706, -0.09393886, -0.06891667,
         0.28543732,  0.25746292,  0.42206648,  0.33571163,  0.29374182,
        -0.05216057,  0.06066128,  0.37447628,  0.25989646,  0.2982895 ,
         0.07526819,  0.02083075, -0.16255009, -0.1667621 ,  0.3048263 ,
         0.3704492 , -0.11364463,  0.35832626,  0.3121386 ,  0.03928718,
        -0.12607726,  0.04715866,  0.01224535, -0.04857258,  0.02276943,
        -0.00331645,  0.2649852 ,  0.3821498 , -0.00096371, -0.11273688,
         0.28996763, -0.02142593,  0.04026373,  0.03413935, -0.01162452,
         0.24581997,  0.39373893,  0.30102858,  0.4204034 , -0.07758072,
        -0.143863  , -0.16565028,  0.02654579, -0.05203744, -0.13084668,
        -0.15916027, -0.0241122 ,  0.31188214,  0.08605841, -0.05287938,
         0.16119324,  0.32998997,  0.2838867 ,  0.15927178,  0.18723643,
        -0.14062454, -0.0437521 ,  0.14995547,  0.13539365,  0.45064616,
        -0.04277306, -0.0476619 ,  0.01034017, -0.03408726,  0.3145246 ,
         0.1325381 , -0.1482329 ,  0.4265502 ,  0.23141702,  0.11528689,
         0.15368715,  0.11398789,  0.06818662, -0.10046066, -0.13482507,
         0.02346508,  0.3723206 ,  0.32240883, -0.15556033,  0.07615776,
         0.38955882,  0.06510426,  0.09784964, -0.02726988, -0.17011254,
         0.42235744,  0.2740613 ,  0.459513  ,  0.2586108 ,  0.08926505,
        -0.00814544,  0.15029916,  0.11547412, -0.14034027,  0.09813723]],
      dtype=float32), array([[ 0.02452803,  0.08374543,  0.0560898 , ..., -0.09936439,
         0.04678096, -0.03781671],
       [-0.00590631,  0.01221681,  0.00498833, ..., -0.03266013,
         0.00026752,  0.15947425],
       [-0.0585242 , -0.10575356, -0.00517821, ..., -0.14290416,
        -0.07932799, -0.06513251],
       ...,
       [-0.10321642, -0.03800157,  0.06640899, ...,  0.05699158,
         0.10984702, -0.05702431],
       [-0.05793893,  0.02191897,  0.10707477, ...,  0.080861  ,
        -0.07644878, -0.10257299],
       [ 0.05940354, -0.10445543, -0.17609957, ...,  0.07748316,
        -0.00703485,  0.00722134]], dtype=float32), array([-0.04858471, -0.0415387 ,  0.21504028,  0.        ,  0.        ,
        0.19406915,  0.20015989,  0.23335993,  0.2570056 ,  0.19877256,
        0.        , -0.04879552,  0.20392406,  0.19658247,  0.20401737,
       -0.05436771, -0.02795745,  0.        ,  0.        ,  0.21984501,
        0.2046335 ,  0.        ,  0.21150298,  0.20309949, -0.03701345,
        0.        , -0.04143089, -0.02334403,  0.        , -0.02881762,
        0.        ,  0.19893584,  0.20664805, -0.01451912,  0.        ,
        0.20238088,  0.        , -0.03850268, -0.03482415,  0.        ,
        0.20008019,  0.20736325,  0.20344432,  0.23459217,  0.        ,
        0.        ,  0.        , -0.03138696,  0.        ,  0.        ,
        1.        ,  1.        ,  1.        ,  1.        ,  1.        ,
        1.        ,  1.        ,  1.        ,  1.        ,  1.        ,
        1.        ,  1.        ,  1.        ,  1.        ,  1.        ,
        1.        ,  1.        ,  1.        ,  1.        ,  1.        ,
        1.        ,  1.        ,  1.        ,  1.        ,  1.        ,
        1.        ,  1.        ,  1.        ,  1.        ,  1.        ,
        1.        ,  1.        ,  1.        ,  1.        ,  1.        ,
        1.        ,  1.        ,  1.        ,  1.        ,  1.        ,
        1.        ,  1.        ,  1.        ,  1.        ,  1.        ,
        1.        ,  1.        ,  1.        ,  1.        ,  1.        ,
       -0.06839076, -0.0570281 ,  0.00816803,  0.        ,  0.        ,
        0.01617695,  0.01882237,  0.00745721, -0.06230295,  0.01329978,
        0.        , -0.06889629,  0.00805471,  0.00396992,  0.03146558,
       -0.0789529 , -0.03627874,  0.        ,  0.        ,  0.00575173,
        0.00918717,  0.        ,  0.01037566,  0.00713758, -0.05073858,
        0.        , -0.05706124, -0.02933146,  0.        , -0.03730826,
        0.        ,  0.02660216,  0.01734892, -0.01742293,  0.        ,
        0.02869211,  0.        , -0.05305792, -0.04673116,  0.        ,
        0.0270695 ,  0.00344877,  0.02994474,  0.00485851,  0.        ,
        0.        ,  0.        , -0.04138399,  0.        ,  0.        ,
       -0.0486343 , -0.04154261,  0.21249433,  0.        ,  0.        ,
        0.206384  ,  0.19944961,  0.23096807,  0.2574115 ,  0.20757428,
        0.        , -0.04882075,  0.21179037,  0.20283383,  0.20228341,
       -0.05436554, -0.02796672,  0.        ,  0.        ,  0.21233088,
        0.2153062 ,  0.        ,  0.20228419,  0.20454375, -0.0369756 ,
        0.        , -0.04141781, -0.02334471,  0.        , -0.02881967,
        0.        ,  0.19986424,  0.20726831, -0.0145165 ,  0.        ,
        0.20409286,  0.        , -0.03850843, -0.03483299,  0.        ,
        0.19596244,  0.20484279,  0.19983475,  0.2321015 ,  0.        ,
        0.        ,  0.        , -0.03135117,  0.        ,  0.        ],
      dtype=float32), array([[-0.2581651 ],
       [-0.12473916],
       [ 0.30296084],
       [ 0.1394786 ],
       [ 0.25692454],
       [ 0.4635614 ],
       [ 0.4412448 ],
       [ 0.22520725],
       [ 0.42857882],
       [ 0.41170463],
       [-0.26811987],
       [-0.16053508],
       [ 0.41088015],
       [ 0.5218228 ],
       [ 0.38036674],
       [-0.05383148],
       [-0.16070949],
       [ 0.3323584 ],
       [ 0.1401082 ],
       [ 0.24808913],
       [ 0.3692347 ],
       [ 0.20974734],
       [ 0.40919915],
       [ 0.4415661 ],
       [-0.07351396],
       [-0.20311157],
       [-0.12889597],
       [-0.19587618],
       [-0.25887302],
       [-0.14455009],
       [ 0.21466908],
       [ 0.4351967 ],
       [ 0.42241687],
       [-0.26758868],
       [-0.30392015],
       [ 0.37340653],
       [ 0.01451033],
       [-0.15829788],
       [-0.14060476],
       [ 0.21855679],
       [ 0.43989798],
       [ 0.47811005],
       [ 0.4190838 ],
       [ 0.2189852 ],
       [-0.30113795],
       [ 0.2783033 ],
       [-0.1743261 ],
       [-0.2532857 ],
       [ 0.17048797],
       [ 0.17298666]], dtype=float32), array([0.00215337], dtype=float32)]
7/7 ━━━━━━━━━━━━━━━━━━━━ 0s 516us/step
[array([[-0.03887983,  0.4593069 , -0.15244925,  0.12621501,  0.45835906,
         0.03969315,  0.00557218, -0.19278541,  0.42065537,  0.02469814,
         0.3152426 ,  0.4030298 , -0.06561814,  0.32772508,  0.42652828,
        -0.12146889,  0.00942364,  0.00590996, -0.05198868,  0.03719868,
         0.4051116 ,  0.3362693 ,  0.00403173, -0.12007919, -0.03060478,
         0.01643977,  0.1157224 ,  0.09453177,  0.20772924, -0.14695019,
         0.0926419 , -0.19219752, -0.09168111,  0.28128624,  0.06947348,
         0.0207133 , -0.02908541,  0.26567554, -0.09296483,  0.27284697,
         0.05471618,  0.48048276, -0.17934129, -0.06166033,  0.47168416,
         0.5006672 , -0.01030178,  0.31139472, -0.00893354, -0.1328446 ,
         0.03574397, -0.07805002, -0.10012852, -0.06584284, -0.02315544,
        -0.08788444,  0.12674162,  0.07210369, -0.09749476, -0.0849077 ,
        -0.1378216 , -0.06381156,  0.13014361,  0.14872146,  0.01852293,
         0.12003392, -0.08829097,  0.00088209, -0.07088196, -0.03934403,
        -0.09903993, -0.06837387, -0.14990602, -0.01559374, -0.07818156,
         0.01343435, -0.09914102, -0.0977822 , -0.01133679,  0.06960747,
         0.1471127 , -0.14923908,  0.02395959, -0.12834045,  0.059025  ,
         0.05592316,  0.10644555,  0.00200093,  0.05257839, -0.10693204,
         0.13695824,  0.16247022, -0.01135722,  0.08403382, -0.03749172,
        -0.16631232,  0.1279605 , -0.02801564,  0.02646978,  0.13747942,
        -0.1603004 ,  0.42207596, -0.15727927, -0.09769858,  0.4131007 ,
         0.01684017, -0.04796483,  0.06812427,  0.3890815 , -0.05498872,
         0.37293854,  0.40114194,  0.00316571,  0.3862165 ,  0.3290329 ,
        -0.05596362, -0.03819072, -0.14824024,  0.05836593, -0.03882167,
         0.35451722,  0.390324  ,  0.01384362, -0.02574632,  0.06696161,
        -0.00199561,  0.03546171, -0.10383964,  0.41844973, -0.01028605,
         0.07222996,  0.06749451, -0.01063243,  0.41032302, -0.08082483,
        -0.10204167, -0.1619526 ,  0.36124304, -0.11348238,  0.33876535,
        -0.09988244,  0.41807786,  0.00640396, -0.07587136,  0.31732994,
         0.32468045, -0.04160529,  0.44889295,  0.0043299 , -0.03709772,
        -0.07680371,  0.24551667, -0.16067056, -0.02018076,  0.38950682,
        -0.15866408, -0.08441912,  0.11094544,  0.40336233,  0.08082211,
         0.32980123,  0.4478756 ,  0.12024549,  0.41063622,  0.50826293,
        -0.11505094, -0.04395635,  0.14776364, -0.15206116,  0.1127702 ,
         0.5677444 ,  0.26271603,  0.0705557 , -0.0884178 ,  0.01493707,
        -0.15299849,  0.00891755, -0.07069087,  0.4350109 ,  0.12111446,
         0.03905591, -0.13748954, -0.11929579,  0.20509896,  0.03888172,
         0.16647553, -0.00793581,  0.2831109 ,  0.01585671,  0.33372608,
         0.00260057,  0.39864787, -0.06000957, -0.11887191,  0.38403195,
         0.33256987, -0.12184638,  0.3469766 , -0.02573761, -0.09602382]],
      dtype=float32), array([[-0.00976872,  0.00216144,  0.0991385 , ...,  0.1009635 ,
        -0.02178465, -0.08608783],
       [-0.02236315, -0.08158183,  0.08115485, ..., -0.10164452,
        -0.04934769,  0.02912053],
       [ 0.1461023 , -0.08071572, -0.05722189, ...,  0.00033602,
        -0.07430207, -0.0119206 ],
       ...,
       [ 0.14993209,  0.06412347,  0.07348598, ...,  0.07606864,
        -0.07596344, -0.02329526],
       [-0.02058169,  0.04456832,  0.07912746, ..., -0.02208111,
        -0.07260066, -0.00712215],
       [ 0.19291845,  0.07175656, -0.03344015, ...,  0.04668333,
        -0.0187364 , -0.02974502]], dtype=float32), array([ 0.        ,  0.28093046,  0.        ,  0.        ,  0.22458299,
       -0.02602565,  0.        , -0.05416563,  0.24498509,  0.        ,
        0.23486255,  0.24947077, -0.01769875,  0.27568626,  0.23823419,
        0.        ,  0.        ,  0.        , -0.04780106,  0.        ,
        0.24625531,  0.23724905, -0.0243454 ,  0.        , -0.05341463,
       -0.01323741, -0.03577266,  0.        ,  0.29139835,  0.        ,
       -0.05598667, -0.05372243,  0.        ,  0.24270599,  0.        ,
        0.        ,  0.        ,  0.2364478 ,  0.        ,  0.24270768,
        0.        ,  0.22527221, -0.02007247,  0.        ,  0.21924046,
        0.22016267,  0.        ,  0.29553506, -0.01851744,  0.        ,
        1.        ,  1.        ,  1.        ,  1.        ,  1.        ,
        1.        ,  1.        ,  1.        ,  1.        ,  1.        ,
        1.        ,  1.        ,  1.        ,  1.        ,  1.        ,
        1.        ,  1.        ,  1.        ,  1.        ,  1.        ,
        1.        ,  1.        ,  1.        ,  1.        ,  1.        ,
        1.        ,  1.        ,  1.        ,  1.        ,  1.        ,
        1.        ,  1.        ,  1.        ,  1.        ,  1.        ,
        1.        ,  1.        ,  1.        ,  1.        ,  1.        ,
        1.        ,  1.        ,  1.        ,  1.        ,  1.        ,
        1.        ,  1.        ,  1.        ,  1.        ,  1.        ,
        0.        , -0.07351632,  0.        ,  0.        ,  0.02360185,
       -0.03304256,  0.        , -0.07629548,  0.0361563 ,  0.        ,
        0.00728772,  0.04138329, -0.02152281, -0.06735721,  0.03999824,
        0.        ,  0.        ,  0.        , -0.06663702,  0.        ,
        0.05745289,  0.00295973, -0.03062269,  0.        , -0.07521843,
       -0.0154032 , -0.04779952,  0.        , -0.07299566,  0.        ,
       -0.07978979, -0.07587142,  0.        , -0.01048418,  0.        ,
        0.        ,  0.        , -0.00929326,  0.        ,  0.00847759,
        0.        ,  0.0255843 , -0.02513991,  0.        ,  0.0262689 ,
        0.02412387,  0.        , -0.07819068, -0.02270422,  0.        ,
        0.        ,  0.28976017,  0.        ,  0.        ,  0.22945604,
       -0.02605017,  0.        , -0.05412155,  0.2465151 ,  0.        ,
        0.23380001,  0.24545144, -0.01768035,  0.271888  ,  0.23050024,
        0.        ,  0.        ,  0.        , -0.04781628,  0.        ,
        0.22995694,  0.24258947, -0.02433703,  0.        , -0.05340778,
       -0.01325438, -0.0357902 ,  0.        ,  0.28221223,  0.        ,
       -0.05599527, -0.05371546,  0.        ,  0.24792472,  0.        ,
        0.        ,  0.        ,  0.23520538,  0.        ,  0.23778039,
        0.        ,  0.23115714, -0.02005918,  0.        ,  0.22641169,
        0.2341276 ,  0.        ,  0.2947235 , -0.0185192 ,  0.        ],
      dtype=float32), array([[-0.05063945],
       [ 0.2869208 ],
       [-0.12211785],
       [ 0.24996677],
       [ 0.5347347 ],
       [-0.20129068],
       [ 0.27479002],
       [-0.28363833],
       [ 0.27513346],
       [ 0.01925576],
       [ 0.42644742],
       [ 0.2657349 ],
       [-0.19105703],
       [ 0.28579822],
       [ 0.32047972],
       [-0.29237834],
       [-0.24129091],
       [ 0.17178735],
       [-0.11888834],
       [ 0.15721533],
       [ 0.26538506],
       [ 0.37222752],
       [-0.20358585],
       [ 0.34267578],
       [-0.2636097 ],
       [-0.21952038],
       [-0.13030295],
       [ 0.30042037],
       [ 0.28784636],
       [-0.2581063 ],
       [-0.18083571],
       [-0.19739106],
       [-0.17711191],
       [ 0.35733923],
       [-0.07750183],
       [ 0.27072874],
       [-0.10749426],
       [ 0.43446583],
       [ 0.19793192],
       [ 0.3351243 ],
       [-0.09220761],
       [ 0.50037867],
       [-0.1214293 ],
       [ 0.23569772],
       [ 0.5638418 ],
       [ 0.46121204],
       [-0.2908908 ],
       [ 0.28565827],
       [-0.1610659 ],
       [ 0.24758354]], dtype=float32), array([-0.00581574], dtype=float32)]
7/7 ━━━━━━━━━━━━━━━━━━━━ 0s 419us/step
[array([[-0.18546239,  0.5231928 ,  0.09102114, -0.1014658 ,  0.13834155,
         0.0650412 ,  0.07509418, -0.12162419,  0.47981298,  0.5181313 ,
         0.45413825, -0.15313968, -0.1425242 ,  0.11137459, -0.10276636,
        -0.16836198,  0.28391668,  0.49146232,  0.27958435,  0.16929075,
         0.06567013,  0.4228831 , -0.05680024,  0.14005506,  0.3061542 ,
         0.45261332,  0.36578932, -0.01026691,  0.51128095,  0.07230929,
         0.3814893 , -0.19791138, -0.0876785 , -0.10186928, -0.04001443,
         0.41847184, -0.17445686,  0.35352808,  0.05694966,  0.05950888,
         0.2727352 ,  0.14971161,  0.1267687 ,  0.16990411,  0.5586023 ,
         0.05321047, -0.1050948 , -0.07577158, -0.02836423,  0.07859331,
        -0.02141872, -0.0560797 ,  0.05627973,  0.12826222, -0.01375878,
         0.02945158,  0.15966505, -0.07599382, -0.03228039,  0.05878888,
        -0.141949  ,  0.10276008,  0.09737721, -0.09875842, -0.15840448,
         0.08394054, -0.02455379, -0.15269785,  0.1447931 , -0.05899662,
        -0.17200565, -0.11244507,  0.1424878 , -0.042376  ,  0.07280704,
         0.01603618, -0.14081815, -0.02608384,  0.16172448, -0.04600658,
        -0.03715654,  0.16808775, -0.04391249,  0.1567814 , -0.01067346,
        -0.02025145, -0.0299755 , -0.12628952, -0.139144  ,  0.14834782,
         0.12762567, -0.02118759,  0.04903221, -0.09622718,  0.06052354,
         0.00570627,  0.0120265 , -0.08333823,  0.09452367, -0.13020602,
         0.01017872,  0.4059388 ,  0.04489524, -0.11059244, -0.00178577,
        -0.11708705, -0.08481263, -0.03590265,  0.37327155,  0.42536262,
         0.31327647, -0.04819299,  0.07807286, -0.05615294,  0.01496284,
        -0.12818933,  0.3189017 ,  0.42676726,  0.33549333, -0.08706541,
        -0.16950457,  0.28014663, -0.05932748, -0.05658147,  0.3436594 ,
         0.37894243,  0.41404188,  0.01134539,  0.4130336 ,  0.0753203 ,
         0.30229786,  0.05351863,  0.0288887 , -0.15547109, -0.02499484,
         0.2783624 ,  0.00650563,  0.4106179 ,  0.02037989,  0.07218798,
         0.40483257, -0.08804253,  0.06010219, -0.07587086,  0.35850966,
         0.05850449,  0.06598921,  0.07039554, -0.15295954, -0.0656193 ,
         0.00873469,  0.4137938 , -0.1877456 , -0.0985546 ,  0.07547641,
        -0.11161435, -0.06657447,  0.03258929,  0.29963505,  0.4913444 ,
         0.41040492, -0.05153321, -0.12698099, -0.11463218, -0.13802086,
        -0.0210035 ,  0.43966833,  0.43045336,  0.56020427,  0.14100519,
        -0.02557334,  0.46744964, -0.15942161, -0.07189257,  0.45705   ,
         0.5351416 ,  0.49571395, -0.1225339 ,  0.5575698 ,  0.01652606,
         0.43278113,  0.11888778, -0.12014423, -0.16884096, -0.09963158,
         0.5311738 , -0.14872096,  0.38084462, -0.04344646, -0.00733044,
         0.49339315, -0.10357633,  0.04171998,  0.05870534,  0.40393835,
        -0.02680722, -0.0742431 ,  0.05187651, -0.05195078,  0.01952939]],
      dtype=float32), array([[-0.07303977,  0.09035598, -0.01119336, ...,  0.0053612 ,
        -0.06010712, -0.068865  ],
       [-0.09162679, -0.03082871, -0.02717777, ...,  0.12382774,
         0.06862267,  0.07920874],
       [-0.02605875, -0.06092846,  0.0280875 , ...,  0.02286625,
        -0.00244129, -0.04235395],
       ...,
       [-0.00209642, -0.08364848, -0.02765878, ..., -0.0267205 ,
         0.01302976, -0.02131268],
       [-0.10127942, -0.07356708, -0.1027313 , ..., -0.02641756,
        -0.16838962, -0.00495091],
       [-0.05821038, -0.11412019, -0.07124492, ..., -0.01926247,
         0.09382208, -0.02401277]], dtype=float32), array([-0.02193501,  0.19978903, -0.0414041 ,  0.        ,  0.        ,
        0.        ,  0.        ,  0.        ,  0.21593808,  0.20425922,
        0.20735222,  0.        , -0.06044319,  0.        , -0.02483445,
        0.        ,  0.24692754,  0.28940514,  0.2301641 ,  0.        ,
        0.        ,  0.202346  ,  0.        ,  0.        ,  0.24202156,
        0.2048475 ,  0.21313633, -0.02325112,  0.20688786, -0.05678529,
        0.20053436, -0.0467196 , -0.03294584,  0.        ,  0.        ,
        0.20234732, -0.01958502,  0.23376691, -0.02648741, -0.05708603,
        0.2620189 ,  0.        , -0.04488922,  0.        ,  0.20310935,
       -0.04761053, -0.05275785, -0.05582062,  0.        ,  0.        ,
        1.        ,  1.        ,  1.        ,  1.        ,  1.        ,
        1.        ,  1.        ,  1.        ,  1.        ,  1.        ,
        1.        ,  1.        ,  1.        ,  1.        ,  1.        ,
        1.        ,  1.        ,  1.        ,  1.        ,  1.        ,
        1.        ,  1.        ,  1.        ,  1.        ,  1.        ,
        1.        ,  1.        ,  1.        ,  1.        ,  1.        ,
        1.        ,  1.        ,  1.        ,  1.        ,  1.        ,
        1.        ,  1.        ,  1.        ,  1.        ,  1.        ,
        1.        ,  1.        ,  1.        ,  1.        ,  1.        ,
        1.        ,  1.        ,  1.        ,  1.        ,  1.        ,
       -0.02761769,  0.013931  , -0.05643341,  0.        ,  0.        ,
        0.        ,  0.        ,  0.        , -0.06143129,  0.01885374,
        0.01659112,  0.        , -0.08611427,  0.        , -0.03149433,
        0.        , -0.05253341, -0.07032341,  0.0252673 ,  0.        ,
        0.        ,  0.01490385,  0.        ,  0.        , -0.05666313,
        0.018955  ,  0.00828632, -0.02936135,  0.02307026, -0.08191051,
        0.00937491, -0.06450399, -0.04337116,  0.        ,  0.        ,
        0.01935556, -0.023873  , -0.06765506, -0.03413536, -0.08139957,
       -0.06674606,  0.        , -0.06333441,  0.        ,  0.04188903,
       -0.06701878, -0.07457982, -0.07934751,  0.        ,  0.        ,
       -0.02190286,  0.2112317 , -0.04145534,  0.        ,  0.        ,
        0.        ,  0.        ,  0.        ,  0.23210895,  0.20708053,
        0.21263973,  0.        , -0.06044089,  0.        , -0.02483959,
        0.        ,  0.23076074,  0.29394418,  0.19543509,  0.        ,
        0.        ,  0.1971236 ,  0.        ,  0.        ,  0.22818775,
        0.19607584,  0.19995895, -0.02326588,  0.20186129, -0.05679633,
        0.19501823, -0.0466607 , -0.03295089,  0.        ,  0.        ,
        0.18914495, -0.01958099,  0.23157354, -0.02650683, -0.05709852,
        0.24120699,  0.        , -0.04490809,  0.        ,  0.22298717,
       -0.04762681, -0.0527524 , -0.05579723,  0.        ,  0.        ],
      dtype=float32), array([[-0.05441128],
       [ 0.39769155],
       [-0.16576387],
       [-0.13799655],
       [ 0.28246656],
       [ 0.04862863],
       [ 0.28018793],
       [-0.04899541],
       [ 0.5052933 ],
       [ 0.39422077],
       [ 0.28563142],
       [ 0.18861595],
       [-0.27984202],
       [-0.33820748],
       [-0.10184435],
       [ 0.22494885],
       [ 0.31202194],
       [ 0.2936245 ],
       [ 0.23861946],
       [ 0.31810245],
       [ 0.01512039],
       [ 0.4144125 ],
       [-0.01540408],
       [-0.27843922],
       [ 0.445597  ],
       [ 0.44607687],
       [ 0.40342045],
       [-0.17414513],
       [ 0.38867742],
       [-0.08378465],
       [ 0.50929624],
       [-0.27333066],
       [-0.19739571],
       [ 0.12148261],
       [ 0.3307971 ],
       [ 0.47653767],
       [-0.06742299],
       [ 0.56874734],
       [-0.02906711],
       [-0.27600586],
       [ 0.31241432],
       [ 0.10506687],
       [-0.01865089],
       [ 0.10955358],
       [ 0.22844438],
       [-0.07754785],
       [-0.14399263],
       [-0.22529976],
       [-0.2326785 ],
       [ 0.32005623]], dtype=float32), array([-0.00289351], dtype=float32)]
7/7 ━━━━━━━━━━━━━━━━━━━━ 0s 667us/step
[array([[-1.20077290e-01, -8.52890387e-02,  5.30987978e-03,
        -1.35341138e-02,  5.79781473e-01, -6.05978966e-02,
        -1.13384709e-01,  3.77435625e-01, -3.41422409e-02,
         1.45825326e-01, -1.07404597e-01,  2.14751720e-01,
         4.71430093e-01,  1.22066729e-01, -4.51798588e-02,
        -5.98754808e-02, -1.52027607e-01,  2.19029337e-02,
         4.38701212e-01,  5.51581085e-02,  7.68212080e-02,
         2.43465200e-01, -2.18043163e-01,  1.23157434e-01,
        -7.51752481e-02,  7.05324635e-02,  4.26377684e-01,
         1.24351621e-01,  1.96162760e-02, -1.47815511e-01,
         3.83855760e-01, -1.59703031e-01,  4.38137621e-01,
         1.30343780e-01, -1.30088910e-01,  1.45783514e-01,
        -1.26797095e-01, -5.24976850e-02,  3.12428772e-02,
         3.25819016e-01, -4.63899970e-02,  5.85336089e-01,
        -1.38900220e-01,  1.36939853e-01, -1.42981991e-01,
         7.79325366e-02,  4.11888897e-01, -1.35710210e-01,
        -1.48782015e-01, -4.19242829e-02, -8.18569511e-02,
        -7.21455440e-02, -4.98884320e-02, -8.28630775e-02,
        -1.01747066e-02,  1.70579404e-01, -1.46282867e-01,
        -1.29786804e-01, -9.77156386e-02,  1.10438168e-02,
         8.10825825e-02, -7.35837370e-02, -2.40452290e-02,
        -7.41216540e-03,  1.49713904e-01, -9.86836180e-02,
        -1.53081104e-01,  6.70547783e-03,  9.12319422e-02,
        -1.34324312e-01, -1.71469912e-01, -1.48176149e-01,
         2.57229656e-02, -4.60661501e-02, -6.50730878e-02,
         1.31320119e-01, -7.70442337e-02, -1.03232458e-01,
        -1.11887984e-01, -1.39468223e-01, -1.37333214e-01,
         5.93180805e-02, -8.23140144e-03, -1.26184195e-01,
         8.84977877e-02, -3.22137326e-02, -1.17048696e-01,
         1.14784718e-01,  1.62428498e-01,  1.10686451e-01,
        -1.91750526e-02, -5.69372475e-02, -6.34905100e-02,
         3.08180898e-02,  1.25331044e-01,  1.34976953e-02,
         1.31907016e-01, -9.38229859e-02,  7.71568120e-02,
        -1.00227967e-01, -1.49658829e-01,  7.42913112e-02,
        -1.37634262e-01, -2.01424509e-02,  4.22668666e-01,
        -1.47474885e-01, -8.27259496e-02,  4.46889132e-01,
        -1.01297237e-01, -1.28561944e-01, -5.23265749e-02,
         5.24713874e-01,  4.08695549e-01,  4.08298634e-02,
         1.43328523e-02,  2.35868227e-02, -7.22002015e-02,
        -1.12588257e-01,  4.81881768e-01, -1.63468853e-01,
        -8.08144957e-02,  3.83909136e-01,  6.19878955e-02,
         2.72959266e-02, -3.89175564e-02,  7.92688597e-03,
         4.73678768e-01, -1.28453493e-01,  2.68834271e-02,
        -3.70606780e-04,  3.64684135e-01, -3.69527191e-02,
         3.66237968e-01,  2.59415358e-02, -6.28652126e-02,
        -6.98428378e-02, -7.94911459e-02, -3.96823883e-03,
        -2.00190395e-02,  5.42646348e-01, -1.67111248e-01,
         5.19504189e-01, -1.71697900e-01,  3.34792375e-03,
        -2.15067118e-02, -1.03642903e-01,  4.18692589e-01,
         6.82848170e-02, -6.97182342e-02, -8.61918777e-02,
        -1.13289639e-01, -1.79255947e-01,  1.46019310e-01,
        -9.66767594e-02,  4.94023234e-01,  1.89065188e-02,
         1.52052850e-01,  5.72227895e-01, -5.64139783e-02,
         9.68611836e-02, -1.25960350e-01,  3.24023396e-01,
         5.83381414e-01, -8.11624154e-02,  2.98255999e-02,
         4.62256576e-04,  1.08990788e-01, -1.43122822e-01,
         3.34575832e-01,  1.00243658e-01,  2.09786594e-02,
         4.18530732e-01, -5.13476394e-02,  1.13663338e-01,
        -8.05398598e-02,  3.06646321e-02,  4.08194393e-01,
         1.11604631e-01, -1.54776558e-01, -1.70255259e-01,
         5.65060973e-01, -1.20193869e-01,  2.88646489e-01,
        -2.02558130e-01,  3.29341888e-02, -1.53130904e-01,
         1.61076039e-02,  7.26288557e-02,  2.09221244e-03,
         4.46330726e-01, -1.71382040e-01,  3.10285032e-01,
        -7.01908767e-02, -3.25528309e-02,  1.65385485e-01,
        -1.60972416e-01,  5.86153567e-01,  3.51389833e-02,
         1.70776814e-01, -1.70485899e-01]], dtype=float32), array([[ 0.02085972,  0.036832  ,  0.07186069, ...,  0.08679483,
        -0.07985333,  0.05284644],
       [-0.02329692,  0.01142764,  0.00282928, ...,  0.00512213,
         0.05014918, -0.12037675],
       [-0.00316747, -0.06094643,  0.09415281, ..., -0.07850766,
        -0.10943512,  0.02411255],
       ...,
       [ 0.0110426 , -0.03193836, -0.00920508, ...,  0.13678506,
        -0.02100497, -0.01628437],
       [-0.04088434,  0.07996777,  0.08816349, ...,  0.00657561,
         0.0397127 ,  0.02150329],
       [-0.03204526, -0.0076036 ,  0.06044218, ...,  0.11765647,
        -0.11231382,  0.0246495 ]], dtype=float32), array([ 0.        , -0.05464121,  0.        ,  0.        ,  0.28062803,
        0.        ,  0.        ,  0.30498385,  0.        ,  0.        ,
        0.        ,  0.37360635,  0.2961273 , -0.03900643, -0.02394843,
       -0.03031593,  0.        ,  0.        ,  0.28422657,  0.        ,
        0.        ,  0.3253666 , -0.04932116, -0.03125572,  0.        ,
       -0.02102972,  0.29166383,  0.        , -0.03147669,  0.        ,
        0.29298666,  0.        ,  0.27728635, -0.03074654,  0.        ,
        0.        ,  0.        ,  0.        ,  0.        ,  0.3207838 ,
        0.        ,  0.3015852 ,  0.        , -0.01776602,  0.        ,
        0.        ,  0.29383793, -0.05286592,  0.        ,  0.        ,
        1.        ,  1.        ,  1.        ,  1.        ,  1.        ,
        1.        ,  1.        ,  1.        ,  1.        ,  1.        ,
        1.        ,  1.        ,  1.        ,  1.        ,  1.        ,
        1.        ,  1.        ,  1.        ,  1.        ,  1.        ,
        1.        ,  1.        ,  1.        ,  1.        ,  1.        ,
        1.        ,  1.        ,  1.        ,  1.        ,  1.        ,
        1.        ,  1.        ,  1.        ,  1.        ,  1.        ,
        1.        ,  1.        ,  1.        ,  1.        ,  1.        ,
        1.        ,  1.        ,  1.        ,  1.        ,  1.        ,
        1.        ,  1.        ,  1.        ,  1.        ,  1.        ,
        0.        , -0.07782563,  0.        ,  0.        ,  0.035366  ,
        0.        ,  0.        ,  0.03408113,  0.        ,  0.        ,
        0.        , -0.04954943,  0.04635077, -0.05269727, -0.02968411,
       -0.03961711,  0.        ,  0.        ,  0.00615503,  0.        ,
        0.        , -0.03647329, -0.06850019, -0.04094012,  0.        ,
       -0.02574449,  0.01255894,  0.        , -0.04053209,  0.        ,
        0.02984142,  0.        ,  0.00477558, -0.03978467,  0.        ,
        0.        ,  0.        ,  0.        ,  0.        ,  0.02812915,
        0.        ,  0.03870378,  0.        , -0.02129609,  0.        ,
        0.        ,  0.03053246, -0.074531  ,  0.        ,  0.        ,
        0.        , -0.05466431,  0.        ,  0.        ,  0.28643712,
        0.        ,  0.        ,  0.29097304,  0.        ,  0.        ,
        0.        ,  0.37353203,  0.28702337, -0.03905484, -0.0239335 ,
       -0.03030459,  0.        ,  0.        ,  0.28922868,  0.        ,
        0.        ,  0.31814826, -0.049281  , -0.03125788,  0.        ,
       -0.0210358 ,  0.2926488 ,  0.        , -0.03151012,  0.        ,
        0.2789908 ,  0.        ,  0.28627005, -0.03081403,  0.        ,
        0.        ,  0.        ,  0.        ,  0.        ,  0.31281742,
        0.        ,  0.32076237,  0.        , -0.01778833,  0.        ,
        0.        ,  0.28183123, -0.05282163,  0.        ,  0.        ],
      dtype=float32), array([[ 9.1280609e-02],
       [-4.8336715e-02],
       [ 2.0514485e-01],
       [-2.7140403e-01],
       [ 4.5108327e-01],
       [ 5.3802133e-04],
       [-2.3727918e-01],
       [ 3.4562889e-01],
       [-5.1256686e-02],
       [-2.8001636e-02],
       [ 2.7468243e-01],
       [ 3.4526026e-01],
       [ 3.5031223e-01],
       [-1.8471314e-01],
       [-6.5148473e-02],
       [-3.0352989e-01],
       [-1.5425830e-01],
       [ 9.5484018e-02],
       [ 5.2455044e-01],
       [-8.1139803e-03],
       [-1.1012617e-01],
       [ 5.6121290e-01],
       [-9.1071866e-02],
       [-9.6970208e-02],
       [ 3.0449244e-01],
       [-2.3137236e-01],
       [ 4.4260016e-01],
       [-3.9911777e-02],
       [-2.6064739e-01],
       [ 3.3172187e-01],
       [ 4.1736361e-01],
       [ 4.7711164e-02],
       [ 5.8175540e-01],
       [-1.3964438e-01],
       [-3.2481211e-01],
       [ 1.4074573e-01],
       [ 2.3841730e-01],
       [-3.2705787e-01],
       [ 2.3379090e-01],
       [ 2.8526857e-01],
       [ 2.8250238e-01],
       [ 3.0411425e-01],
       [ 3.1266114e-01],
       [-2.8186929e-01],
       [-5.6849182e-02],
       [ 1.9450536e-01],
       [ 4.1606858e-01],
       [-9.5189735e-02],
       [ 1.6426280e-01],
       [ 1.7367396e-01]], dtype=float32), array([-0.0220905], dtype=float32)]
7/7 ━━━━━━━━━━━━━━━━━━━━ 0s 500us/step
[array([[0.33890235]], dtype=float32), array([0.], dtype=float32)]


























[array([[ 0.42999396,  0.2586624 , -0.05708434,  0.01583169, -0.12931357,
        -0.0711907 , -0.1309271 ,  0.3128265 , -0.15246326,  0.13892639,
        -0.07549617,  0.43747863, -0.15279847,  0.04911115, -0.02715608,
        -0.1061755 ,  0.5132929 , -0.1127492 , -0.09129807,  0.4478312 ,
         0.43093315, -0.04872983,  0.24192415,  0.13986179,  0.04363781,
        -0.04944327,  0.5431056 ,  0.4817351 , -0.12802851, -0.08430823,
        -0.1806552 ,  0.01343597, -0.20479134, -0.08144799, -0.05310877,
         0.13048214,  0.12314448,  0.16706994, -0.12542295,  0.09643471,
         0.10866225,  0.12323734,  0.32240468, -0.06845099,  0.5031007 ,
         0.26249674, -0.03298506,  0.21477225, -0.04963798,  0.01095608,
         0.0947887 , -0.07403768, -0.16831551, -0.08834279,  0.14012975,
        -0.07927249,  0.11757323, -0.00325042, -0.12323408, -0.01690617,
        -0.10933092,  0.03316726,  0.09428608, -0.09821983,  0.15450805,
         0.00500937, -0.04114537,  0.04610437,  0.1137456 ,  0.09290877,
        -0.11723904, -0.04983624,  0.1117841 ,  0.13356036, -0.02166188,
         0.12177113, -0.06478638, -0.0654509 ,  0.09622031, -0.11213551,
         0.13120008, -0.03670746,  0.03891797, -0.127019  ,  0.01264678,
         0.03552672,  0.06109796, -0.16381504,  0.11741573, -0.08639178,
        -0.13756864, -0.01330847,  0.07980976,  0.1327751 ,  0.15077579,
         0.11807603,  0.16709188, -0.09538835, -0.1404096 , -0.05978961,
         0.48758844,  0.5166926 ,  0.03122696, -0.00590649,  0.04879325,
        -0.07554685, -0.04081802,  0.4687328 , -0.00423764, -0.16121599,
        -0.06290368,  0.3601063 , -0.10143016, -0.00562438, -0.11118463,
        -0.02646212,  0.4104226 , -0.00108379,  0.03552074,  0.387621  ,
         0.3797511 ,  0.0369848 ,  0.33562136, -0.08301783, -0.02667825,
        -0.10304516,  0.4288617 ,  0.38524586, -0.01557656, -0.02875431,
         0.00424846,  0.06364879,  0.07512169, -0.16351902, -0.05887679,
        -0.05233078, -0.06757273, -0.13082674, -0.17242867, -0.01259413,
        -0.1267391 , -0.15054303,  0.4733301 ,  0.03310923,  0.32363215,
         0.52415943, -0.15011755,  0.37279674, -0.0063118 , -0.03928377,
         0.44017157,  0.24108467, -0.04982945, -0.02544619, -0.05308095,
        -0.01055738,  0.16876554,  0.2785959 , -0.08177081, -0.09153092,
         0.02193573,  0.50208443, -0.08478339, -0.13948879,  0.1724414 ,
         0.07352932,  0.32613382, -0.03062173,  0.0712828 ,  0.2373589 ,
         0.28314522, -0.01699037,  0.47219083, -0.0705172 ,  0.12147278,
        -0.05909606,  0.512402  ,  0.3004346 , -0.10755523, -0.01695663,
        -0.09846538,  0.0756631 , -0.02581988,  0.06095338, -0.00551204,
         0.04299627,  0.17128652,  0.07878584, -0.08169033, -0.16749796,
         0.06247257,  0.16253644,  0.51253307, -0.19899341,  0.50333697,
         0.3142429 , -0.00546063,  0.3961403 ,  0.040932  , -0.08012056]],
      dtype=float32), array([[ 0.01676977, -0.04458358,  0.09754242, ...,  0.13847871,
        -0.03768836, -0.06475712],
       [ 0.07770158,  0.00662327,  0.04491018, ..., -0.03152969,
         0.18945022,  0.05171769],
       [-0.05644962,  0.00869576,  0.0946312 , ...,  0.03696301,
        -0.16203372, -0.05130523],
       ...,
       [-0.07571971, -0.03203824,  0.08395221, ...,  0.03347417,
         0.00513087,  0.02099203],
       [-0.05714063,  0.04283537, -0.0051568 , ...,  0.04344469,
        -0.21637146, -0.02371223],
       [-0.10102099,  0.09200312, -0.14677282, ..., -0.05714462,
        -0.04176437,  0.04180937]], dtype=float32), array([ 0.29149678,  0.32149345, -0.03258784, -0.00188979, -0.04303268,
        0.        ,  0.        ,  0.28357404,  0.        ,  0.        ,
        0.        ,  0.27209428,  0.        , -0.00805219,  0.        ,
        0.        ,  0.26270935, -0.01442042, -0.03549888,  0.27105117,
        0.26068443, -0.03468454,  0.27204445,  0.        ,  0.        ,
        0.        ,  0.26520306,  0.26735875,  0.        ,  0.        ,
       -0.01059124, -0.04958994, -0.0573442 ,  0.        ,  0.        ,
        0.        ,  0.        ,  0.        ,  0.        ,  0.        ,
        0.        ,  0.        ,  0.2681781 , -0.03446859,  0.25959793,
        0.33362174,  0.        ,  0.2664683 ,  0.        ,  0.        ,
        1.        ,  1.        ,  1.        ,  1.        ,  1.        ,
        1.        ,  1.        ,  1.        ,  1.        ,  1.        ,
        1.        ,  1.        ,  1.        ,  1.        ,  1.        ,
        1.        ,  1.        ,  1.        ,  1.        ,  1.        ,
        1.        ,  1.        ,  1.        ,  1.        ,  1.        ,
        1.        ,  1.        ,  1.        ,  1.        ,  1.        ,
        1.        ,  1.        ,  1.        ,  1.        ,  1.        ,
        1.        ,  1.        ,  1.        ,  1.        ,  1.        ,
        1.        ,  1.        ,  1.        ,  1.        ,  1.        ,
        1.        ,  1.        ,  1.        ,  1.        ,  1.        ,
        0.05595582, -0.09519465, -0.0430327 , -0.0060051 , -0.0590146 ,
        0.        ,  0.        ,  0.00502862,  0.        ,  0.        ,
        0.        ,  0.046958  ,  0.        , -0.00975567,  0.        ,
        0.        ,  0.02756964, -0.01728324, -0.04752758,  0.02086833,
        0.01798646, -0.0466686 ,  0.02043193,  0.        ,  0.        ,
        0.        ,  0.04485051,  0.02639037,  0.        ,  0.        ,
       -0.01357937, -0.07024226, -0.08169351,  0.        ,  0.        ,
        0.        ,  0.        ,  0.        ,  0.        ,  0.        ,
        0.        ,  0.        ,  0.02640053, -0.0457997 ,  0.04588897,
       -0.09662901,  0.        ,  0.00946952,  0.        ,  0.        ,
        0.2908559 ,  0.3217546 , -0.03258655, -0.00191143, -0.0430197 ,
        0.        ,  0.        ,  0.28504583,  0.        ,  0.        ,
        0.        ,  0.26767367,  0.        , -0.00807544,  0.        ,
        0.        ,  0.2719448 , -0.01441273, -0.03546992,  0.2828744 ,
        0.26776516, -0.03467844,  0.2589263 ,  0.        ,  0.        ,
        0.        ,  0.26681635,  0.2774897 ,  0.        ,  0.        ,
       -0.01052774, -0.04957772, -0.05731808,  0.        ,  0.        ,
        0.        ,  0.        ,  0.        ,  0.        ,  0.        ,
        0.        ,  0.        ,  0.26066703, -0.03448958,  0.2595817 ,
        0.332914  ,  0.        ,  0.2583676 ,  0.        ,  0.        ],
      dtype=float32), array([[ 2.62328118e-01],
       [ 3.83060634e-01],
       [-6.93551674e-02],
       [-2.02272713e-01],
       [-2.46757075e-01],
       [-3.31187099e-01],
       [ 3.02289933e-01],
       [ 3.43341082e-01],
       [ 2.06474096e-01],
       [ 1.07964158e-01],
       [ 1.29656702e-01],
       [ 3.31176132e-01],
       [ 2.39736646e-01],
       [-2.87907660e-01],
       [-1.98931620e-01],
       [ 1.73939973e-01],
       [ 4.23950195e-01],
       [-3.08622718e-01],
       [-1.28586709e-01],
       [ 3.29948902e-01],
       [ 4.72943306e-01],
       [-4.19137888e-02],
       [ 4.26684320e-01],
       [ 3.40739936e-01],
       [-2.54213810e-05],
       [ 6.45922124e-02],
       [ 4.21308964e-01],
       [ 3.59911442e-01],
       [ 6.43254519e-02],
       [ 2.80357808e-01],
       [ 8.05403106e-03],
       [-9.47430432e-02],
       [-2.49694556e-01],
       [-1.13196805e-01],
       [-1.53835922e-01],
       [ 5.20877242e-02],
       [ 4.12183404e-02],
       [ 2.25627035e-01],
       [-8.92710686e-03],
       [ 2.28636235e-01],
       [-9.18737948e-02],
       [-1.43145472e-01],
       [ 5.05903065e-01],
       [-1.74937308e-01],
       [ 4.30104077e-01],
       [ 3.00665170e-01],
       [-3.92660797e-02],
       [ 5.31257510e-01],
       [ 1.24189824e-01],
       [-2.22098857e-01]], dtype=float32), array([-0.00356956], dtype=float32)]
7/7 ━━━━━━━━━━━━━━━━━━━━ 0s 666us/step
[array([[-0.138283  ,  0.37645304,  0.11021018,  0.36839172, -0.18329686,
         0.01811986,  0.29088184, -0.10919177, -0.03356189,  0.4925436 ,
        -0.06879108,  0.03463364, -0.13911769, -0.05600432,  0.3713125 ,
         0.03581622, -0.18681504,  0.48398933, -0.1049983 ,  0.38035014,
         0.03999438,  0.12112388,  0.02623676,  0.22136796,  0.09588209,
         0.00504958,  0.07111321, -0.00298616, -0.09202185,  0.49014282,
        -0.07973384,  0.37067795, -0.12771635,  0.2945043 ,  0.49749112,
        -0.04139186,  0.13448909,  0.553903  ,  0.02755059,  0.08476439,
        -0.02501304,  0.31532273, -0.03027444, -0.1139776 , -0.03171507,
         0.05370809,  0.07167215,  0.35417706,  0.49570924,  0.36222947,
        -0.01856314, -0.14014593, -0.0775558 ,  0.0738152 ,  0.01727211,
         0.1316469 ,  0.10870406,  0.04942493, -0.05661586, -0.09791447,
        -0.04071154,  0.0276324 , -0.0683127 ,  0.02477685, -0.02095547,
         0.12515596,  0.03605041, -0.07664022, -0.1351562 , -0.09916726,
         0.02545649, -0.06668428, -0.11768842, -0.09892467,  0.07639442,
         0.11472654,  0.01989558, -0.13441564,  0.00518411, -0.17200334,
         0.06951973,  0.00905918,  0.01424839,  0.07976177,  0.07190268,
        -0.09128451,  0.06567037, -0.01396181,  0.0806601 ,  0.03511953,
         0.04689984,  0.06811494, -0.05681787,  0.04764764,  0.01463729,
        -0.00742844, -0.14272782,  0.10403588,  0.05515204, -0.13295788,
         0.01481126,  0.40522575, -0.15730679,  0.3159019 ,  0.02573666,
        -0.03667286,  0.4635403 ,  0.05443925, -0.16034831,  0.4346666 ,
        -0.10436414, -0.08273806, -0.07402495, -0.03371805,  0.34784198,
        -0.10274152,  0.00157774,  0.43248513, -0.0251347 ,  0.40914273,
         0.02173174,  0.05429928, -0.04247445,  0.40971306, -0.1380447 ,
         0.00858637, -0.06855261, -0.07679678, -0.00808226,  0.32057688,
         0.0327837 ,  0.42783874, -0.15752791,  0.39692718,  0.41030157,
        -0.02251691, -0.09510408,  0.30223128, -0.14566724,  0.03774986,
        -0.07431268,  0.402421  , -0.09011678, -0.10224792, -0.06645513,
        -0.01214881,  0.03160633,  0.34866688,  0.33283395,  0.4688555 ,
         0.05625954,  0.37668958,  0.06842311,  0.43695575,  0.08787943,
         0.00265288,  0.4353983 , -0.1607991 ,  0.16048446,  0.52446675,
        -0.02873656, -0.10299733, -0.08340076, -0.11625533,  0.3257831 ,
         0.09686983, -0.00117096,  0.17250472, -0.04938889,  0.4529151 ,
         0.07020541,  0.05764195,  0.02117206,  0.45298618,  0.10655859,
        -0.04981409, -0.06058496,  0.10287914, -0.15614422,  0.25081286,
        -0.0616783 ,  0.4507836 , -0.054327  ,  0.2798448 ,  0.22108325,
        -0.14996056,  0.16066495,  0.5271874 , -0.0693466 , -0.18832184,
         0.07611662,  0.49651152, -0.10084964, -0.03278117,  0.14514959,
         0.11652458,  0.11794528,  0.43228483,  0.26167038,  0.35903224]],
      dtype=float32), array([[-0.03860068,  0.00402277,  0.02025558, ..., -0.04365055,
         0.00632891, -0.07857395],
       [ 0.03374593,  0.17236483,  0.01195723, ...,  0.09392405,
        -0.08641113,  0.06865007],
       [-0.02265019, -0.10594954,  0.02615595, ...,  0.06766533,
        -0.00289376,  0.0561567 ],
       ...,
       [-0.0016724 , -0.15824565,  0.00609344, ...,  0.0902013 ,
        -0.07734603,  0.00913206],
       [-0.05500757,  0.08365484,  0.07342057, ...,  0.05580078,
         0.08097211, -0.12558196],
       [ 0.00862627,  0.06208232, -0.02967268, ..., -0.01409033,
        -0.02025029,  0.04191165]], dtype=float32), array([-0.02462215,  0.21774669,  0.        ,  0.21603204, -0.03076091,
        0.        ,  0.28613365, -0.04687664,  0.        ,  0.22392023,
        0.        ,  0.        ,  0.        ,  0.        ,  0.21344413,
        0.        , -0.01651525,  0.21144134,  0.        ,  0.2411903 ,
       -0.02876244, -0.04651667,  0.        ,  0.22430012,  0.        ,
       -0.02129367,  0.        ,  0.        ,  0.        ,  0.21374013,
       -0.03329422,  0.22941722,  0.        ,  0.23666842,  0.22118439,
        0.        ,  0.        ,  0.21367088,  0.        , -0.03710667,
        0.        ,  0.2324189 ,  0.        ,  0.        ,  0.        ,
        0.        , -0.03317795,  0.2333142 ,  0.21655287,  0.24799554,
        1.        ,  1.        ,  1.        ,  1.        ,  1.        ,
        1.        ,  1.        ,  1.        ,  1.        ,  1.        ,
        1.        ,  1.        ,  1.        ,  1.        ,  1.        ,
        1.        ,  1.        ,  1.        ,  1.        ,  1.        ,
        1.        ,  1.        ,  1.        ,  1.        ,  1.        ,
        1.        ,  1.        ,  1.        ,  1.        ,  1.        ,
        1.        ,  1.        ,  1.        ,  1.        ,  1.        ,
        1.        ,  1.        ,  1.        ,  1.        ,  1.        ,
        1.        ,  1.        ,  1.        ,  1.        ,  1.        ,
        1.        ,  1.        ,  1.        ,  1.        ,  1.        ,
       -0.03116916,  0.01240214,  0.        ,  0.01821806, -0.04015875,
        0.        , -0.08071817, -0.06533052,  0.        ,  0.03116178,
        0.        ,  0.        ,  0.        ,  0.        ,  0.00929649,
        0.        , -0.0199499 ,  0.00215905,  0.        ,  0.03880078,
       -0.0373311 , -0.06533957,  0.        ,  0.00612804,  0.        ,
       -0.02633633,  0.        ,  0.        ,  0.        ,  0.01721481,
       -0.0444258 ,  0.01658094,  0.        ,  0.00211659,  0.01001975,
        0.        ,  0.        ,  0.04355272,  0.        , -0.04988173,
        0.        ,  0.01630876,  0.        ,  0.        ,  0.        ,
        0.        , -0.04400029,  0.03440693,  0.02918141,  0.02928751,
       -0.0245963 ,  0.21773031,  0.        ,  0.21052086, -0.03072319,
        0.        ,  0.28093103, -0.04688387,  0.        ,  0.22143532,
        0.        ,  0.        ,  0.        ,  0.        ,  0.21676917,
        0.        , -0.01649892,  0.23239401,  0.        ,  0.23473808,
       -0.02875832, -0.04652764,  0.        ,  0.20881426,  0.        ,
       -0.02129919,  0.        ,  0.        ,  0.        ,  0.23454358,
       -0.03329133,  0.22346428,  0.        ,  0.23779581,  0.24251933,
        0.        ,  0.        ,  0.21631612,  0.        , -0.03714854,
        0.        ,  0.2185145 ,  0.        ,  0.        ,  0.        ,
        0.        , -0.03317019,  0.22614421,  0.2379952 ,  0.2482596 ],
      dtype=float32), array([[-0.10897148],
       [ 0.4863082 ],
       [ 0.05512261],
       [ 0.48521474],
       [-0.15217821],
       [-0.19341831],
       [ 0.27386332],
       [-0.2904886 ],
       [ 0.00674438],
       [ 0.36775735],
       [ 0.03063565],
       [-0.02789426],
       [ 0.31008354],
       [-0.12300636],
       [ 0.5150221 ],
       [ 0.20983085],
       [-0.23432599],
       [ 0.43550062],
       [ 0.11546603],
       [ 0.23825304],
       [-0.1930443 ],
       [-0.21926098],
       [ 0.15606704],
       [ 0.5337319 ],
       [ 0.28107062],
       [-0.27326486],
       [-0.03348494],
       [-0.20069113],
       [-0.06428784],
       [ 0.30460086],
       [-0.0524102 ],
       [ 0.35418725],
       [ 0.21345517],
       [ 0.2733213 ],
       [ 0.30112964],
       [-0.27131915],
       [-0.11336936],
       [ 0.32971042],
       [ 0.3423353 ],
       [-0.15043648],
       [ 0.27689883],
       [ 0.34682778],
       [ 0.21737978],
       [ 0.21114323],
       [-0.17317836],
       [-0.03091583],
       [-0.08172609],
       [ 0.24816345],
       [ 0.2562362 ],
       [ 0.23006897]], dtype=float32), array([-0.00752175], dtype=float32)]
7/7 ━━━━━━━━━━━━━━━━━━━━ 0s 669us/step
[array([[ 0.58228624,  0.04881698,  0.52681714,  0.08275449,  0.04955638,
         0.05798379,  0.16685256, -0.16436318,  0.4763432 , -0.07310069,
         0.48513612, -0.05250205, -0.1032405 , -0.15851879, -0.15226607,
        -0.16749434,  0.01893386,  0.15293801,  0.3306585 ,  0.08482811,
        -0.18745477,  0.621729  , -0.11011861,  0.13939732,  0.549901  ,
         0.07594806,  0.10861507,  0.06516647, -0.13981472,  0.15119976,
         0.11506698, -0.0785412 ,  0.16836172,  0.16488731,  0.4506747 ,
         0.0450026 ,  0.56451946,  0.04349416, -0.17921974,  0.12827846,
         0.04020309,  0.0705703 ,  0.11379433,  0.06414349, -0.08139547,
        -0.0152766 , -0.02769962,  0.33486068,  0.02820592, -0.00157318,
         0.09945396,  0.03937118,  0.05912752, -0.09330994, -0.07773635,
        -0.0180271 , -0.14470935, -0.1375896 ,  0.04786007, -0.10096993,
         0.16971406,  0.05534174,  0.1717886 , -0.03775391, -0.12173413,
        -0.10107628,  0.00878173,  0.05594277,  0.14936349,  0.09212264,
        -0.14027137, -0.12593819, -0.05978743,  0.04405063, -0.09770233,
        -0.12799287, -0.10073912, -0.16575272, -0.00517736,  0.09349126,
        -0.07771447,  0.02739814,  0.11786386,  0.12729925,  0.15626898,
        -0.01028687,  0.08784238, -0.16688901, -0.08951051,  0.06861621,
         0.07478572,  0.09964484,  0.02088436, -0.15622096, -0.10694896,
         0.11316919,  0.14999723,  0.14818889, -0.11955023,  0.03964552,
         0.42808768, -0.09035924,  0.5049379 , -0.14136745,  0.04026329,
        -0.04218128, -0.10415781, -0.06136724,  0.35952532,  0.03240876,
         0.46901777, -0.11603129,  0.01126466, -0.14512786, -0.06551129,
        -0.15246812, -0.13912591, -0.07316909,  0.42136028, -0.04277574,
         0.01687374,  0.45201826, -0.05599014, -0.0925361 ,  0.5314086 ,
        -0.05175915, -0.00434177, -0.14463805,  0.07631195, -0.1479762 ,
        -0.12917057, -0.14594603, -0.04943392, -0.03928281,  0.49407297,
         0.06400018,  0.46727988, -0.01860602,  0.07761689, -0.16228922,
        -0.12799753, -0.03987888, -0.15530649, -0.10559423, -0.11367063,
        -0.15102485, -0.01068722,  0.43967563, -0.15636685, -0.12009249,
         0.48507077, -0.14080673,  0.68963474, -0.02351768, -0.14837435,
         0.01580781,  0.14296189, -0.14809962,  0.46130356,  0.12758346,
         0.507388  , -0.15206838,  0.12763093, -0.16207415,  0.0777939 ,
        -0.10508472,  0.05741677, -0.04028338,  0.607631  ,  0.10321516,
        -0.17491333,  0.42772192, -0.1318878 , -0.13646822,  0.54936314,
         0.07960713,  0.00713161, -0.1657409 ,  0.01267481, -0.0716126 ,
         0.15954441, -0.08795426, -0.06250717,  0.16585267,  0.6344204 ,
         0.03609725,  0.6530566 ,  0.17006326, -0.16177265,  0.01857446,
        -0.03955749, -0.04209378, -0.01452219,  0.00692281, -0.06049059,
        -0.16139896,  0.01394241,  0.48625633,  0.05772291, -0.13023815]],
      dtype=float32), array([[ 0.03608227,  0.06512591, -0.11501635, ..., -0.00175034,
        -0.04292831, -0.00684935],
       [-0.07055356, -0.1145066 ,  0.07811021, ...,  0.06861667,
         0.03423958,  0.02623663],
       [-0.05581195,  0.0575949 ,  0.00582874, ..., -0.08296558,
         0.06680137, -0.03409208],
       ...,
       [-0.04683302, -0.06024402, -0.05615529, ...,  0.0922926 ,
         0.00852838, -0.01271212],
       [ 0.0678723 , -0.00694396,  0.07912034, ...,  0.04783379,
         0.10813793,  0.01872359],
       [-0.01650182, -0.0521591 ,  0.0828046 , ..., -0.05843788,
         0.06820684,  0.10511567]], dtype=float32), array([ 2.5175750e-01,  0.0000000e+00,  2.9486275e-01,  0.0000000e+00,
       -3.8151745e-02,  0.0000000e+00,  0.0000000e+00,  0.0000000e+00,
        2.6568997e-01, -3.2760877e-02,  2.7293867e-01,  0.0000000e+00,
       -2.2144081e-02,  0.0000000e+00,  0.0000000e+00,  0.0000000e+00,
        0.0000000e+00,  0.0000000e+00,  2.8577539e-01,  0.0000000e+00,
       -2.6381098e-02,  2.6355094e-01,  0.0000000e+00,  0.0000000e+00,
        2.8313962e-01,  0.0000000e+00,  0.0000000e+00,  0.0000000e+00,
       -5.9216030e-02,  0.0000000e+00,  0.0000000e+00,  0.0000000e+00,
        0.0000000e+00,  0.0000000e+00,  2.7341473e-01, -5.0944757e-02,
        2.6945817e-01,  0.0000000e+00, -5.9450760e-02,  0.0000000e+00,
        0.0000000e+00,  0.0000000e+00,  0.0000000e+00,  0.0000000e+00,
        0.0000000e+00,  0.0000000e+00,  0.0000000e+00,  3.1561905e-01,
        0.0000000e+00,  0.0000000e+00,  1.0000000e+00,  1.0000000e+00,
        1.0000000e+00,  1.0000000e+00,  1.0000000e+00,  1.0000000e+00,
        1.0000000e+00,  1.0000000e+00,  1.0000000e+00,  1.0000000e+00,
        1.0000000e+00,  1.0000000e+00,  1.0000000e+00,  1.0000000e+00,
        1.0000000e+00,  1.0000000e+00,  1.0000000e+00,  1.0000000e+00,
        1.0000000e+00,  1.0000000e+00,  1.0000000e+00,  1.0000000e+00,
        1.0000000e+00,  1.0000000e+00,  1.0000000e+00,  1.0000000e+00,
        1.0000000e+00,  1.0000000e+00,  1.0000000e+00,  1.0000000e+00,
        1.0000000e+00,  1.0000000e+00,  1.0000000e+00,  1.0000000e+00,
        1.0000000e+00,  1.0000000e+00,  1.0000000e+00,  1.0000000e+00,
        1.0000000e+00,  1.0000000e+00,  1.0000000e+00,  1.0000000e+00,
        1.0000000e+00,  1.0000000e+00,  1.0000000e+00,  1.0000000e+00,
        1.0000000e+00,  1.0000000e+00,  1.0000000e+00,  1.0000000e+00,
        1.4148940e-02,  0.0000000e+00,  5.6950111e-02,  0.0000000e+00,
       -5.1610056e-02,  0.0000000e+00,  0.0000000e+00,  0.0000000e+00,
        5.2952445e-03, -4.3762580e-02,  5.4511209e-03,  0.0000000e+00,
       -2.8175594e-02,  0.0000000e+00,  0.0000000e+00,  0.0000000e+00,
        0.0000000e+00,  0.0000000e+00,  4.7172478e-04,  0.0000000e+00,
       -3.3768103e-02,  2.0900054e-02,  0.0000000e+00,  0.0000000e+00,
        2.0223871e-02,  0.0000000e+00,  0.0000000e+00,  0.0000000e+00,
       -8.4658161e-02,  0.0000000e+00,  0.0000000e+00,  0.0000000e+00,
        0.0000000e+00,  0.0000000e+00,  1.3468151e-02, -7.2387300e-02,
        2.6615279e-02,  0.0000000e+00, -8.5126124e-02,  0.0000000e+00,
        0.0000000e+00,  0.0000000e+00,  0.0000000e+00,  0.0000000e+00,
        0.0000000e+00,  0.0000000e+00,  0.0000000e+00, -7.2264135e-02,
        0.0000000e+00,  0.0000000e+00,  2.6496616e-01,  0.0000000e+00,
        2.6826605e-01,  0.0000000e+00, -3.8187824e-02,  0.0000000e+00,
        0.0000000e+00,  0.0000000e+00,  2.6786000e-01, -3.2721922e-02,
        2.6994419e-01,  0.0000000e+00, -2.2100229e-02,  0.0000000e+00,
        0.0000000e+00,  0.0000000e+00,  0.0000000e+00,  0.0000000e+00,
        2.4816868e-01,  0.0000000e+00, -2.6379487e-02,  2.9274923e-01,
        0.0000000e+00,  0.0000000e+00,  2.8321803e-01,  0.0000000e+00,
        0.0000000e+00,  0.0000000e+00, -5.9191078e-02,  0.0000000e+00,
        0.0000000e+00,  0.0000000e+00,  0.0000000e+00,  0.0000000e+00,
        2.4946827e-01, -5.0946560e-02,  2.5660825e-01,  0.0000000e+00,
       -5.9448250e-02,  0.0000000e+00,  0.0000000e+00,  0.0000000e+00,
        0.0000000e+00,  0.0000000e+00,  0.0000000e+00,  0.0000000e+00,
        0.0000000e+00,  2.9949385e-01,  0.0000000e+00,  0.0000000e+00],
      dtype=float32), array([[ 0.59081   ],
       [-0.00115722],
       [ 0.3077618 ],
       [ 0.30101803],
       [-0.09345904],
       [ 0.25830355],
       [ 0.32428536],
       [-0.02999169],
       [ 0.517435  ],
       [-0.03589293],
       [ 0.46296653],
       [ 0.1845825 ],
       [-0.03389631],
       [-0.06550533],
       [ 0.30313185],
       [ 0.32044294],
       [ 0.01922977],
       [ 0.17849556],
       [ 0.5013939 ],
       [-0.01967233],
       [-0.21094058],
       [ 0.35995582],
       [-0.2440275 ],
       [ 0.21996179],
       [ 0.36437017],
       [-0.28534085],
       [ 0.22014031],
       [-0.31955582],
       [-0.23282701],
       [ 0.24948862],
       [-0.22672954],
       [ 0.11181298],
       [ 0.2632713 ],
       [-0.13300529],
       [ 0.55629456],
       [-0.09935088],
       [ 0.46223176],
       [-0.30348715],
       [-0.15754046],
       [-0.16449693],
       [ 0.25337574],
       [ 0.31754634],
       [ 0.24492535],
       [ 0.14141604],
       [ 0.28447077],
       [ 0.23628852],
       [ 0.30031046],
       [ 0.6377512 ],
       [-0.12045835],
       [-0.11934079]], dtype=float32), array([-0.02054271], dtype=float32)]
7/7 ━━━━━━━━━━━━━━━━━━━━ 0s 500us/step
[array([[ 8.09808373e-02,  3.46769691e-01,  4.97719646e-03,
         1.58302128e-01,  2.23751992e-01,  3.79487455e-01,
         1.20330155e-02,  2.80724943e-01,  4.55098122e-01,
         4.55820203e-01, -1.14217535e-01,  3.68008405e-01,
         6.78732991e-04, -9.97074693e-02,  1.91527814e-01,
         7.26042315e-02,  3.68878245e-04, -1.69548199e-01,
         4.00630832e-02,  8.90363082e-02,  3.14707726e-01,
         2.66722232e-01,  1.24090135e-01,  1.68658972e-01,
         1.89092189e-01, -7.28534237e-02,  3.92542928e-01,
        -1.69250205e-01, -7.73369819e-02, -5.03568910e-02,
         2.77916044e-01,  1.62836343e-01,  1.49735913e-01,
         2.24843889e-01,  2.61405259e-01, -7.71704018e-02,
         7.11442828e-02,  1.39570504e-01, -9.72305983e-02,
         6.82194531e-02,  6.20084107e-02,  1.99017376e-01,
         9.79133248e-02, -9.62106884e-02,  7.28236884e-02,
         2.45030701e-01,  1.65584937e-01,  8.47842395e-02,
        -8.78967941e-02,  4.15267080e-01,  1.66840494e-01,
        -1.13199592e-01, -6.56485409e-02, -2.48652846e-02,
         5.52194715e-02,  4.51652259e-02, -1.40587062e-01,
        -7.00011477e-02, -1.05832487e-01, -1.71437278e-01,
        -7.46642575e-02, -3.83435935e-02,  8.13382566e-02,
         1.17821783e-01, -1.15924016e-01, -4.37505543e-03,
         3.14487517e-02,  9.86019373e-02, -1.46495551e-02,
         8.87246728e-02, -9.23757255e-03,  1.72389805e-01,
        -4.65130061e-02,  2.47099996e-02,  1.38215244e-01,
        -7.87339061e-02, -6.45456165e-02,  4.76937741e-02,
        -1.37270540e-02, -1.35443315e-01,  6.30742311e-03,
         1.04468882e-01,  5.25193065e-02, -9.40676332e-02,
        -1.64956644e-01,  8.08676183e-02, -1.09597638e-01,
        -5.28082326e-02, -5.16366437e-02, -1.44396156e-01,
        -1.45972639e-01, -4.09394503e-02,  1.39490277e-01,
         1.34800822e-01,  1.42985255e-01,  1.58944547e-01,
        -2.06008404e-02,  7.46440738e-02,  1.09518379e-01,
         4.10148352e-02, -4.57555056e-02,  4.10138160e-01,
        -2.30831802e-02, -1.20693699e-01,  4.48098868e-01,
         2.85087526e-01, -4.25375551e-02,  3.84890854e-01,
         4.24259096e-01,  2.76963681e-01, -2.75034606e-02,
         3.21576595e-01, -4.04302329e-02,  2.33251173e-02,
         3.63944024e-01,  2.22033132e-02, -5.72186336e-02,
         4.48310822e-02, -1.47253558e-01,  7.88593888e-02,
         4.06588107e-01,  4.79905188e-01, -8.35508257e-02,
        -9.96272564e-02,  4.28250760e-01,  2.77664699e-02,
         4.44792628e-01, -1.09027088e-01, -1.73261315e-02,
        -3.58435279e-03,  3.96025479e-01, -2.45202184e-02,
         4.20004994e-01,  3.50342661e-01,  4.12822723e-01,
        -3.46824527e-03, -6.50426820e-02, -1.05662070e-01,
         1.64614581e-02, -2.66796947e-02,  3.66840884e-03,
         3.58954400e-01, -1.68494210e-01,  3.52037922e-02,
        -3.46931964e-02,  2.79821336e-01,  3.74966025e-01,
        -7.65591487e-02, -9.28235352e-02,  3.26967597e-01,
         1.64701372e-01,  3.06310624e-01,  1.30109727e-01,
         1.18260741e-01,  2.67733425e-01,  2.45055452e-01,
         1.20423436e-01,  4.82823431e-01,  2.60760874e-01,
         2.33131483e-01, -1.90985054e-02,  4.27748322e-01,
         3.37656289e-02,  9.73193347e-02,  2.38791421e-01,
        -1.83422074e-01, -5.98165989e-02, -1.27173781e-01,
        -2.91662365e-02, -4.77015637e-02,  3.14237058e-01,
         3.25377733e-01, -6.66185394e-02, -1.06389493e-01,
         1.96464047e-01, -2.12352481e-02,  3.79124105e-01,
        -1.43120468e-01,  1.50639772e-01, -8.81305039e-02,
         3.13889176e-01,  1.46566272e-01,  3.84187192e-01,
         4.97168899e-01,  4.50924814e-01, -6.68000802e-02,
         1.65417135e-01,  7.46276379e-02,  7.99273849e-02,
        -1.55791938e-01,  2.35712435e-02,  1.74900070e-01,
        -9.73117054e-02, -1.66554645e-01,  1.71946436e-02,
         3.40251476e-01,  3.32798451e-01,  7.33605921e-02,
        -9.12303776e-02,  1.93984196e-01]], dtype=float32), array([[-0.052773  , -0.03198212,  0.08142173, ..., -0.11685687,
         0.13696447,  0.05221152],
       [-0.08260348,  0.00436115, -0.00551382, ...,  0.00772178,
        -0.03597663,  0.04031885],
       [-0.10048009, -0.05282421,  0.10050726, ...,  0.06459371,
        -0.06168408,  0.02508036],
       ...,
       [ 0.04785917,  0.0339752 ,  0.07884344, ...,  0.0331507 ,
        -0.08907145,  0.00432872],
       [-0.02423479, -0.19107395,  0.02261937, ...,  0.00436769,
        -0.02390571,  0.03791674],
       [-0.02467526,  0.02667381, -0.01695925, ...,  0.11878214,
         0.25709227, -0.00965255]], dtype=float32), array([ 0.        ,  0.21530025,  0.        ,  0.        ,  0.29399097,
        0.20975919,  0.        ,  0.23609738,  0.27534005,  0.21166746,
        0.        ,  0.22814868,  0.        , -0.03024257,  0.29273286,
       -0.02886398,  0.        , -0.03716266,  0.        , -0.06001858,
        0.23090734,  0.2518233 ,  0.        ,  0.        ,  0.26657972,
       -0.03106678,  0.28891551,  0.        ,  0.        , -0.01150119,
        0.22755572,  0.        ,  0.2860266 ,  0.24113284,  0.24765402,
        0.        ,  0.        ,  0.        , -0.02574437,  0.        ,
       -0.01791992,  0.27111027,  0.        , -0.03503523,  0.        ,
        0.21926148,  0.27392438,  0.        ,  0.        ,  0.20747536,
        1.        ,  1.        ,  1.        ,  1.        ,  1.        ,
        1.        ,  1.        ,  1.        ,  1.        ,  1.        ,
        1.        ,  1.        ,  1.        ,  1.        ,  1.        ,
        1.        ,  1.        ,  1.        ,  1.        ,  1.        ,
        1.        ,  1.        ,  1.        ,  1.        ,  1.        ,
        1.        ,  1.        ,  1.        ,  1.        ,  1.        ,
        1.        ,  1.        ,  1.        ,  1.        ,  1.        ,
        1.        ,  1.        ,  1.        ,  1.        ,  1.        ,
        1.        ,  1.        ,  1.        ,  1.        ,  1.        ,
        1.        ,  1.        ,  1.        ,  1.        ,  1.        ,
        0.        ,  0.00967616,  0.        ,  0.        , -0.05125953,
        0.00895177,  0.        ,  0.01925414, -0.04576327,  0.01433393,
        0.        ,  0.04348452,  0.        , -0.03961633, -0.05338421,
       -0.0374103 ,  0.        , -0.05004599,  0.        , -0.08587996,
        0.00653565,  0.01698892,  0.        ,  0.        , -0.04881002,
       -0.04063378, -0.04750835,  0.        ,  0.        , -0.0129493 ,
        0.00301729,  0.        , -0.04757269,  0.03199974,  0.03350585,
        0.        ,  0.        ,  0.        , -0.03247207,  0.        ,
       -0.02138818, -0.04270299,  0.        , -0.04623611,  0.        ,
        0.00584295, -0.04281611,  0.        ,  0.        ,  0.00718408,
        0.        ,  0.21689701,  0.        ,  0.        ,  0.29416707,
        0.21690574,  0.        ,  0.22529788,  0.28050786,  0.22524774,
        0.        ,  0.22386038,  0.        , -0.030205  ,  0.29312968,
       -0.02891346,  0.        , -0.03715248,  0.        , -0.06005501,
        0.23092921,  0.24881986,  0.        ,  0.        ,  0.26646975,
       -0.03105545,  0.2889191 ,  0.        ,  0.        , -0.01150605,
        0.22594951,  0.        ,  0.28133443,  0.22332317,  0.23617557,
        0.        ,  0.        ,  0.        , -0.02571233,  0.        ,
       -0.01792489,  0.2716569 ,  0.        , -0.03505034,  0.        ,
        0.214027  ,  0.26956648,  0.        ,  0.        ,  0.21776056],
      dtype=float32), array([[-0.17592908],
       [ 0.51810116],
       [-0.30451778],
       [-0.3336718 ],
       [ 0.2714289 ],
       [ 0.50678134],
       [ 0.16325334],
       [ 0.29245085],
       [ 0.26380205],
       [ 0.36930814],
       [-0.23502493],
       [ 0.23565048],
       [ 0.10069278],
       [-0.31182802],
       [ 0.2820753 ],
       [-0.12135561],
       [-0.32641158],
       [-0.01837098],
       [ 0.03725895],
       [-0.18813801],
       [ 0.3159346 ],
       [ 0.23087882],
       [ 0.17193815],
       [-0.3386958 ],
       [ 0.5150538 ],
       [-0.06068369],
       [ 0.26738757],
       [ 0.12975326],
       [-0.27633077],
       [-0.26449424],
       [ 0.35315037],
       [-0.19606248],
       [ 0.2692918 ],
       [ 0.23773727],
       [ 0.2256153 ],
       [-0.21852553],
       [ 0.16187403],
       [-0.22277597],
       [-0.15533331],
       [-0.14195299],
       [-0.30050224],
       [ 0.42671448],
       [-0.04823399],
       [-0.08609752],
       [ 0.04813248],
       [ 0.4399204 ],
       [ 0.36891308],
       [-0.25925338],
       [-0.17748661],
       [ 0.55330753]], dtype=float32), array([-0.00670918], dtype=float32)]
7/7 ━━━━━━━━━━━━━━━━━━━━ 0s 500us/step
[array([[-0.6235306]], dtype=float32), array([0.], dtype=float32)]