129465
131897
191826
200695
207262
219054
228137
236379
237105
250527
260408
280221
280415
355208
366832
369001
371335
405157
414088
425476
431796
445920
474204
489543
500856
507660
514669
517464
540225
549414
562656
568071
569886
569889
572249
575971
582873
594591
612116
623134
632920
638536
643012
653450
664306
672450
728918
730023
738900
758780
782629
792421
801274
803398
863084
871619
874950
875343
878706
884707
891421
902592
911231
920264
929628
932939
943765
944515
944575
951880
955429
987396
995505