129465
129465
129465
129465
129465
129465
129465
129465
129465
129465
129465
129465
129465
129465
129465
129465
129465
129465
129465
129465
129465
129465
129465
129465
129465
129465
129465
129465
129465
129465
129465
129465
129465
129465
129465
131897
131897
131897
131897
131897
131897
131897
131897
131897
131897
131897
131897
131897
131897
131897
131897
131897
131897
131897
131897
131897
131897
131897
134427
134427
134427
134427
191826
191826
191826
191826
191826
191826
191826
191826
191826
191826
191826
191826
191826
200695
200695
200695
200695
200695
200695
200695
200695
200695
200695
200695
200695
200695
207262
207262
207262
207262
207262
207262
207262
207262
207262
207262
207262
207262
207262
207262
207262
207262
207262
207262
207262
207262
207262
207262
207262
207262
207262
207262
207262
207262
207262
207262
207262
207262
207262
207262
207262
207262
207262
207262
207262
207262
207262
207262
207262
207262
207262
207262
207262
207262
207262
207262
207262
207262
207262
207262
207262
207262
207262
207262
207262
207262
207262
207262
207262
207262
207262
207262
207262
207262
207262
207262
207262
207262
207262
207262
207262
207262
207262
207262
207262
207262
219054
219054
219054
219054
219054
219054
219054
219054
219054
219054
219054
219054
219054
219054
219054
219054
219054
219054
219054
219054
219054
219054
219054
219054
219054
219054
219054
219054
219054
219054
219054
219054
219054
219054
219054
219054
219054
219054
219054
219054
219054
219054
219054
219054
219054
219054
219054
219054
219054
219054
219054
219054
219054
219054
219054
219054
219054
219054
219054
219054
219054
219054
219054
219054
228137
228137
228137
228137
228137
228137
228137
228137
228137
228137
228137
228137
228137
228137
228137
228137
228137
228137
228137
228137
228137
228137
228137
228137
228137
228137
228137
228137
228137
228137
228137
228137
228137
228137
228137
228137
228137
228137
228137
228137
228137
228137
228137
228137
228137
228137
228137
228137
228137
228137
228137
228137
228137
228137
228137
228137
228137
228137
228137
228137
228137
228137
228137
228137
228137
228137
228137
228137
228137
228137
228137
228137
228137
228137
228137
228137
228137
228137
228137
228137
228137
228137
228137
228137
228137
228137
228137
228137
228137
228137
228137
228137
228137
228137
228137
228137
228137
228137
228137
228137
228137
228137
228137
228137
236379
236379
236379
236379
236379
236379
236379
236379
236379
236379
236379
236379
236379
236379
236379
236379
236379
236379
236379
236379
236379
236379
236379
236840
236840
236840
236840
237105
237105
237105
237105
237105
237105
237105
237105
237105
237105
237105
237105
237105
237105
237105
237105
237105
237105
237105
237105
237105
237105
237105
237105
237105
237105
237105
237105
237105
237105
237105
237105
237105
237105
237105
237105
237105
237105
237105
237105
237105
237105
237105
237105
250527
250527
250527
250527
250527
250527
250527
250527
250527
250527
250527
250527
250527
250527
250527
250527
250527
250527
250527
250527
250527
250527
250527
250527
250527
250527
250527
250527
250527
250527
250527
250527
250527
250527
250527
250527
250527
250527
250527
250527
250527
250527
250527
250527
250527
250527
250527
250527
250527
250527
250527
250527
250527
250527
250527
250527
250527
250527
250527
250527
250527
250527
250527
250527
250527
250527
250527
250527
250527
250527
250527
250527
250527
250527
250527
250527
250527
250527
250527
250527
250527
250527
250527
250527
250527
250527
250527
250527
250527
256233
256233
256233
256233
256233
260408
260408
260408
260408
260408
260408
260408
260408
260408
260408
260408
260408
260408
260408
260408
260781
260781
260781
260781
260781
260781
260781
260781
260781
265601
280221
280221
280221
280221
280221
280221
280221
280221
280221
280221
280221
280221
280221
280221
280221
280221
280221
280221
280221
280221
280221
280221
280221
280221
280221
280221
280221
280221
280221
280221
280221
280221
280221
280221
280221
280221
280221
280221
280221
280221
280221
280221
280221
280221
280221
280221
280221
280221
280221
280221
280415
280415
280415
280415
280415
280415
280415
280415
280415
280415
280415
280415
280415
280415
280415
286084
288445
288445
300866
349635
349635
349635
349635
349635
349635
349635
349635
349635
349635
355208
355208
355208
355208
355208
355208
355208
355208
355208
355208
355208
355208
355208
355208
355208
355208
355208
355208
355208
355208
355208
355208
355208
355208
355208
355208
355208
355208
355208
355208
355208
355208
355208
355208
355208
355208
355208
355208
355208
366832
366832
366832
366832
366832
366832
366832
366832
366832
366832
366832
366832
366832
366832
366832
366832
366832
366832
366832
366832
366832
366832
366832
366832
366832
366832
366832
366832
366832
366832
366832
366832
366832
366832
366832
366832
366832
366832
366832
366832
366832
366832
366832
366832
366832
366832
366832
366832
366832
366832
366832
366832
366832
366832
366832
366832
369001
369001
369001
369001
369001
369001
369001
369001
369001
369001
369001
369001
369001
369001
369001
369001
369001
369001
369001
369001
369001
369001
369001
369001
369001
369001
369001
369001
369001
369001
369001
369001
369001
369001
369001
369001
369001
369001
369001
369001
369001
369001
369001
369001
369001
369001
369001
369001
369001
369001
369001
369001
369001
369001
369001
369001
369001
369001
369001
369001
369001
369001
369001
369001
369001
369001
369001
369001
369001
369001
369001
369001
369001
369001
369001
369001
369001
369001
369001
369001
369001
369001
369001
369001
369001
369001
369001
369001
369001
369001
369001
369001
369001
369001
369001
369001
369001
369001
369001
369001
369001
369001
369001
369001
369001
369001
369001
369001
369001
369001
369001
369001
369001
369001
369001
369001
369001
369001
369001
369001
369001
369001
369001
369001
369001
369001
369001
369001
369001
369001
369001
369001
369001
369001
369001
369001
369001
369001
369001
369001
369001
369001
369001
369001
369001
369001
369001
369001
369001
369001
369001
369001
369001
369001
369001
369001
369001
369001
369001
369001
369001
369001
369001
369001
369001
369001
369001
369001
369001
369001
369001
369001
369001
369001
369001
369001
369001
369001
369001
369001
369001
369001
369001
369001
369001
369001
369001
369001
369001
369001
369001
369001
369001
369001
369001
369001
369001
369001
369001
369001
369001
369001
369001
369001
369001
369001
369001
369001
369001
369001
369001
369001
369001
369001
369001
369001
369001
369001
369001
369001
369001
369001
369001
369001
369001
369001
369001
369001
369001
369001
369001
369001
369001
369001
369001
369001
369001
369001
369001
369001
369001
369001
369001
369001
369001
369001
369001
369001
369001
369001
369001
369001
369001
369001
369001
369001
369001
369001
369001
369001
369001
369001
369001
369001
369001
369001
369001
369001
369001
369001
369001
369001
369001
369001
369001
369001
369001
369001
369001
369001
369001
369001
369001
369001
369001
369001
369001
369001
369001
369001
369001
369001
369001
369001
369001
369001
369001
369001
369001
369001
369001
369001
369001
369001
369001
369001
369001
369001
369001
369001
369001
369001
369001
369001
369001
369001
369001
369001
369001
369001
369001
369001
369001
369001
369001
369001
369001
369001
369001
369001
369001
369001
369001
369001
371335
371335
371335
371335
371335
371335
371335
371335
371335
371335
371335
371335
371335
371335
371335
371335
371335
371335
371335
371335
371335
371335
371335
371335
371335
371335
371335
371335
371335
371335
371335
371335
371335
371335
371335
371335
371335
371335
371335
371335
371335
371335
371335
371335
371335
371335
371335
371335
371335
371335
371335
371335
371335
371335
371335
371335
371335
371335
371335
371335
371335
371335
371335
371335
371335
386940
386940
386940
386940
386940
386940
404112
404112
404112
404112
404112
404112
404112
405157
405157
405157
405157
405157
405157
405157
405157
405157
405157
405157
405157
405157
405157
405157
405157
405157
405157
405157
405157
405157
405157
405157
405157
405157
405157
405157
405157
405157
405157
405157
405157
405157
405157
405157
405157
405157
405157
405157
405157
405157
405157
405157
414088
414088
414088
414088
414088
414088
414088
414088
414088
414088
414088
414088
414088
414088
414088
414088
414088
414088
414088
414088
414088
414088
414088
414088
414088
414088
414088
414088
414088
414088
414088
414088
414088
414088
414088
414088
414088
414088
414088
414088
414088
414088
414088
414088
414088
414088
414088
414088
414088
425476
425476
425476
425476
425476
425476
425476
425476
425476
425476
425476
425476
425476
425476
425476
425476
425476
425476
425476
425476
425476
425476
425476
425476
425476
425476
425476
425476
425476
431796
431796
431796
431796
431796
431796
431796
431796
431796
431796
431796
431796
431796
431796
431796
431796
431796
445920
445920
445920
445920
445920
445920
445920
445920
445920
445920
445920
445920
445920
445920
445920
445920
445920
445920
445920
445920
445920
445920
445920
445920
445920
445920
445920
445920
445920
445920
451479
451479
451479
451479
474204
474204
474204
474204
474204
474204
474204
474204
474204
474204
474204
474204
474204
474204
474204
474204
474204
474204
474204
474204
474204
474204
474204
474204
474204
474204
474204
474204
474204
474204
474204
474204
474204
474204
474204
474204
474204
474204
474204
474204
474204
474204
474204
474204
474204
474204
474204
474204
474204
474204
474204
474204
474204
474204
474204
474204
474204
474204
474204
474204
474204
474204
474204
474204
474204
474204
474204
474204
474204
474204
474204
474204
474204
474204
474204
474204
474204
474204
474204
474204
474204
474204
474204
474204
474204
474204
474204
474204
474204
474204
474204
474204
474204
474204
474204
474204
474204
474204
474204
474204
474204
474204
474204
474204
474204
474204
474204
474204
474204
474204
474204
474204
474204
474204
474204
474204
474204
474204
474204
474204
474204
474204
474204
474204
474204
474204
474204
474204
474204
474204
474204
474204
474204
474204
474204
474204
474204
474204
474204
474204
474204
474204
474204
474204
474204
474204
474204
474204
474204
474204
474204
474204
474204
474204
474204
474204
474204
474204
474204
474204
474204
474204
474204
474204
474204
474204
474204
474204
474204
474204
474204
474204
474204
474204
474204
474204
474204
474204
474204
474204
474204
474204
474204
474204
474204
474204
474204
474204
474204
474204
474204
474204
474204
474204
474204
474204
474204
474204
474204
474204
474204
474204
474204
474204
474204
474204
474204
474204
474204
474204
474204
474204
474204
481613
481613
481613
481613
488364
489543
489543
489543
489543
489543
489543
489543
489543
489543
489543
489543
489543
489543
489543
489543
489543
489543
489543
489543
489543
489543
489543
489543
489543
489543
489543
489543
489543
489543
489543
489543
489543
489543
489543
489543
489543
489543
489543
489543
489543
489543
489543
489543
489543
489543
489543
489543
489543
489543
489543
489543
500856
500856
500856
500856
500856
500856
500856
500856
500856
500856
500856
500856
507660
507660
507660
507660
507660
507660
507660
507660
507660
507660
507660
507660
507660
507660
507660
507660
507660
507660
507660
507660
507660
507660
507660
507660
507660
507660
507660
507660
507660
507660
514669
514669
514669
514669
514669
514669
514669
514669
514669
514669
514669
514669
514669
514669
514669
514669
514669
514669
514669
514669
514669
514669
514669
514669
514669
514669
514669
514669
514669
514669
514669
514669
514669
517464
517464
517464
517464
517464
517464
517464
517464
517464
517464
517464
517464
517464
517464
517464
517464
517464
517464
517464
517464
517464
517464
517464
517464
517464
517464
517464
517464
517464
517464
517464
540225
540225
540225
540225
540225
540225
540225
540225
540225
540225
540225
549414
549414
549414
549414
549414
549414
549414
549414
549414
549414
549414
549414
549414
549414
549414
549414
549414
549414
549414
549414
549414
549414
549414
549414
549414
549414
549414
549414
549414
549414
562656
562656
562656
562656
562656
562656
562656
562656
562656
562656
562656
562656
562656
562656
562656
562656
562656
562656
562656
562656
562656
562656
562656
562656
562656
562656
562656
562656
562656
562656
562656
562656
562656
562656
562656
568071
568071
568071
568071
568071
568071
568071
568071
568071
568071
568071
568071
568071
568071
568071
568071
568071
568071
568071
568071
568071
568071
568071
568071
568071
568071
568071
568071
568071
568071
568071
568071
568071
568071
568071
568071
568071
568071
569886
569886
569886
569886
569886
569886
569886
569886
569886
569886
569886
569886
569886
569886
569886
569886
569886
569886
569886
569886
569886
569886
569886
569886
569886
569886
569886
569886
569886
569886
569886
569886
569886
569886
569886
569886
569886
569886
569886
569886
569886
569886
569886
569886
569886
569886
569886
569886
569886
569886
569886
569886
569889
569889
569889
569889
569889
569889
569889
569889
569889
569889
569889
569889
569889
569889
569889
569889
569889
569889
569889
569889
569889
569889
569889
569889
569889
569889
569889
569889
569889
572249
572249
572249
572249
572249
572249
572249
572249
572249
572249
572249
572249
572249
572249
572249
572249
572249
572249
572249
572249
572249
572249
572249
575971
575971
575971
575971
575971
575971
575971
575971
575971
575971
575971
575971
575971
575971
575971
575971
575971
575971
575971
575971
575971
575971
575971
575971
575971
575971
575971
575971
575971
575971
575971
575971
582873
582873
582873
582873
582873
582873
582873
582873
582873
582873
582873
582873
582873
582873
582873
582873
582873
582873
582873
582873
582873
582873
587514
587514
587514
587514
594591
594591
594591
594591
594591
594591
594591
594591
594591
594591
594591
594591
594591
594591
594591
594591
594591
594591
594591
594591
594591
594591
594591
594591
594591
594591
594591
612116
612116
612116
612116
612116
612116
612116
612116
612116
612116
612116
612116
612116
612116
612116
612116
616125
616125
623134
623134
623134
623134
623134
623134
623134
623134
623134
623134
623134
623134
632920
632920
632920
632920
632920
632920
632920
632920
632920
632920
632920
632920
632920
632920
632920
632920
632920
632920
632920
632920
632920
632920
638536
638536
638536
638536
638536
638536
638536
638536
638536
638536
638536
638536
638536
638536
638536
638536
638536
638536
638536
638536
638536
638536
638536
638536
638536
638536
638536
638536
638536
638536
638536
638536
638536
638536
638536
638536
638536
638536
638536
638536
638536
638536
638536
638536
638536
638536
638536
638536
638536
638536
638536
638536
638536
643012
643012
643012
643012
643012
643012
643012
643012
643012
643012
643012
643012
643012
643012
643012
643012
643012
643012
643012
643012
643012
643012
643012
643012
653450
653450
653450
653450
653450
653450
653450
653450
653450
653450
653450
653450
653450
653450
653450
653450
653450
653450
653450
653450
653450
653450
653450
653450
653450
653450
653450
653450
653450
653450
653450
653450
653450
653450
653450
653450
653450
653450
653450
653450
653450
653450
653450
653450
653450
653450
653450
664306
664306
664306
664306
664306
664306
664306
664306
664306
664306
664306
664306
664306
664306
664306
664306
664306
664306
664306
664306
664306
664306
664306
664306
664306
664306
664306
664306
664306
664306
664306
664306
664306
664306
664306
664306
664306
664306
664306
664306
664306
664306
664306
664306
664306
664306
664306
664306
664306
664306
664306
664306
664306
664306
664306
664306
664306
664306
664306
664306
664306
664306
664306
664306
664306
664306
664306
664306
664306
672450
672450
672450
672450
672450
672450
672450
672450
672450
672450
672450
672450
672450
672450
672450
672450
672450
672450
672450
672450
693651
693651
693651
693651
693651
693651
693651
711566
711566
711566
711566
711566
711566
711566
711566
711566
711566
728918
728918
728918
728918
728918
728918
728918
728918
728918
728918
728918
728918
728918
728918
728918
728918
728918
728918
728918
728918
728918
728918
728918
728918
728918
728918
728918
728918
728918
728918
728918
728918
728918
728918
728918
728918
728918
728918
728918
728918
728918
728918
728918
728918
728918
728918
728918
728918
728918
728918
728918
728918
728918
728918
728918
728918
728918
728918
728918
728918
728918
728918
728918
728918
729642
729642
729642
729642
729642
730023
730023
730023
730023
730023
730023
730023
730023
730023
730023
730023
730023
730023
730023
730023
730023
730023
730023
730023
738900
738900
738900
738900
738900
738900
738900
738900
738900
738900
738900
738900
738900
738900
738900
738900
738900
738900
738900
738900
738900
738900
738900
738900
738900
738900
738900
738900
738900
738900
738900
738900
738900
738900
738900
738900
738900
738900
738900
758780
758780
758780
758780
758780
758780
758780
758780
758780
758780
758780
758780
758780
758780
758780
758780
758780
758780
758780
758780
758780
758780
758780
758780
782629
782629
782629
782629
782629
782629
782629
782629
782629
782629
782629
782629
782629
782629
782629
782629
782629
782629
787792
787792
787792
787792
787792
787792
787792
787792
787792
787792
792421
792421
792421
792421
792421
792421
792421
792421
792421
792421
792421
792421
792421
792421
792421
792421
792421
792421
792421
801274
801274
801274
801274
801274
801274
801274
801274
801274
801274
801274
801274
801274
801274
801274
801274
801274
801274
801274
801274
801274
801274
801274
801274
801274
801274
801274
801274
801274
801274
801274
801274
801274
801274
801274
801274
801274
801274
801274
801274
801274
801274
801274
801274
801274
801274
803398
803398
803398
803398
803398
803398
803398
803398
803398
803398
803398
803398
803398
803398
803398
803398
803398
803398
803398
803398
803398
803398
803398
803398
803398
803398
803398
803398
803398
803398
803398
818217
818217
861532
861532
861532
861532
863084
863084
863084
863084
863084
863084
863084
863084
863084
863084
863084
863084
863084
863084
863084
863084
863084
863084
863084
863084
864630
864630
864630
864630
864630
871619
871619
871619
871619
871619
871619
871619
871619
871619
871619
871619
871619
871619
871619
871619
871619
871619
874950
874950
874950
874950
874950
874950
874950
874950
874950
874950
874950
874950
874950
874950
874950
874950
874950
874950
874950
874950
874950
874950
874950
874950
874950
874950
874950
874950
874950
874950
874950
874950
874950
874950
874950
874950
874950
874950
875343
875343
875343
875343
875343
875343
875343
875343
875343
875343
875343
875343
875343
875343
875343
875343
875343
875343
875343
875343
875343
875343
875343
875343
875343
875343
875343
875343
875343
875343
875343
875343
875343
875343
875343
875343
875343
875343
875343
875343
875343
875343
875343
875343
875343
875343
875343
875343
878706
878706
878706
878706
878706
878706
878706
878706
878706
878706
878706
878706
878706
878706
878706
878706
878706
878706
878706
878706
878706
878706
878706
878706
878706
878706
878706
878706
878706
878706
878706
878706
878706
878706
878706
878706
878706
878706
878706
878706
878706
878706
878706
878706
878706
878706
878706
878706
878706
878706
878706
878706
878706
878706
878706
878706
878706
878706
878706
878706
878706
878706
878706
878706
878706
878706
878706
878706
878706
878706
878706
878706
878706
878706
878706
878706
878706
878706
878706
878706
878706
878706
878706
878706
878706
878706
878706
878706
878706
878706
878706
884707
884707
884707
884707
884707
884707
884707
884707
884707
884707
884707
891421
891421
891421
891421
891421
891421
891421
891421
891421
891421
891421
891421
891421
891421
891421
891421
891421
891421
891421
891421
891421
891421
891421
894409
894409
894409
902592
902592
902592
902592
902592
902592
902592
902592
902592
902592
902592
902592
902592
902592
902592
902592
902592
902592
902592
902592
902592
902592
902592
902592
902592
902592
902592
902592
902592
902592
902592
902592
902592
902592
902592
902592
902592
902592
902592
902592
902592
902592
902592
902592
902592
902592
902592
902592
902592
902592
902592
902592
902592
911231
911231
911231
911231
911231
911231
911231
911231
911231
911231
911231
911231
914305
914305
914305
914305
914305
914305
914305
914305
914305
914907
914907
914907
914907
914907
920264
920264
920264
920264
920264
920264
920264
920264
920264
920264
920264
920264
920264
920264
920264
920264
920264
920264
920264
920264
920264
920264
920264
920264
920264
922416
922416
922416
922416
922416
926676
929628
929628
929628
929628
929628
929628
929628
929628
929628
929628
929628
929628
932939
932939
932939
932939
932939
932939
932939
932939
932939
932939
932939
932939
932939
932939
932939
932939
932939
932939
932939
932939
932939
932939
932939
932939
932939
932939
932939
932939
932939
932939
932939
932939
932939
932939
932939
932939
932939
932939
932939
943765
943765
943765
943765
943765
943765
943765
943765
943765
943765
943765
943765
943765
943765
944515
944515
944515
944515
944515
944515
944515
944515
944515
944515
944515
944515
944515
944515
944515
944515
944515
944515
944515
944515
944515
944515
944515
944515
944515
944515
944515
944515
944515
944515
944515
944515
944515
944515
944515
944515
944515
944515
944515
944515
944515
944515
944515
944515
944515
944515
944515
944515
944515
944515
944515
944515
944515
944515
944515
944515
944515
944515
944515
944515
944515
944515
944515
944515
944515
944515
944515
944515
944515
944515
944515
944515
944515
944515
944515
944515
944515
944515
944515
944515
944515
944515
944515
944575
944575
944575
944575
944575
944575
944575
944575
944575
944575
944575
944575
944575
944575
944575
944575
944575
944575
944575
944575
944575
946482
951880
951880
951880
951880
951880
951880
951880
951880
951880
951880
951880
951880
951880
951880
951880
951880
951880
951880
951880
951880
951880
951880
951880
951880
951880
951880
951880
951880
951880
951880
951880
951880
951880
951880
951880
955429
955429
955429
955429
955429
955429
955429
955429
955429
955429
955429
955429
955429
955429
955429
955429
955429
955429
955429
955429
955429
955429
955429
955429
955429
955429
955429
955429
955429
955429
955429
955429
955429
955429
955429
955429
955429
955429
955429
955429
955429
955429
955429
955429
955429
955429
955429
955429
955429
955429
955429
955429
955429
955429
955429
955429
955429
955429
955429
955429
955429
955429
955429
955429
955429
955429
955429
955429
955429
955429
955429
955429
955429
955429
955429
955429
955429
955429
955429
955429
955429
955429
955429
955429
955429
955429
955429
955429
955429
955429
955429
955429
955429
955429
955429
955429
955429
955429
955429
955429
955429
955429
955429
955429
955429
955429
955429
955429
955429
955429
955429
955429
955429
955429
955429
955429
955429
955429
955429
955429
955429
955429
955429
955429
955429
955429
955429
955429
955429
955429
955429
955429
955429
955429
955429
955429
955429
955429
955429
955429
955429
955429
955429
955429
955429
955429
955429
955429
955429
955429
955429
955429
955429
955429
955429
955429
955429
955429
955429
955429
955429
955429
955429
955429
955429
955429
955429
955429
955429
955429
955429
955429
955429
955429
955429
955429
955429
955429
955429
955429
955429
955429
955429
955429
955429
955429
955429
955429
955429
955429
981639
981639
981639
981639
981639
987396
987396
987396
987396
987396
987396
987396
987396
987396
987396
987396
987396
987396
987396
987396
987396
987396
987396
987396
987396
987396
987396
987396
987396
987396
987396
987396
987396
987396
987396
987396
987396
987396
987396
987396
987396
987396
987396
987396
987396
987396
987396
987396
987396
987396
987396
987396
987396
987396
987396
987396
987396
987396
987396
987396
987396
987396
987396
987396
987396
987396
987396
987396
987396
987396
987396
987396
988981
988981
988981
989457
989457
989457
989457
995505
995505
995505
995505
995505
995505
995505
995505
995505
995505
995505
995505
995505
995505
995505
995505
995505
995505
995505
995505
995505
995505
995505
995505
995505
995505
995505
995505
995505
995505
